""	"logFC"	"logCPM"	"PValue"	"FDR"
"Zm00001eb409750"	10.8793365004236	2.17499187965096	9.68000823511596e-14	2.32165317511021e-09
"Zm00001eb031210"	5.71645632267636	4.49812027285443	5.21859173082215e-13	5.25165350225101e-09
"Zm00001eb006310"	5.74147693627086	4.11048837750617	6.56894617526394e-13	5.25165350225101e-09
"Zm00001eb340550"	-6.93198075547487	2.4935386648124	8.84215110009784e-13	5.30175379961866e-09
"Zm00001eb056970"	-6.02190369109995	3.32994807168482	1.49911894486164e-12	6.53125832640724e-09
"Zm00001eb284350"	5.46999007829561	4.71383832694595	1.6339038508357e-12	6.53125832640724e-09
"Zm00001eb356910"	5.23238428618236	6.30345645638641	2.54814851095267e-12	8.73068484095556e-09
"Zm00001eb384740"	-5.0955627681971	5.25380846662818	1.10944828056392e-11	3.32612594513064e-08
"Zm00001eb371530"	-5.95659993531138	2.79776391779242	1.30131722803883e-11	3.46786582192037e-08
"Zm00001eb272230"	10.1563527702558	1.4573901296171	1.69616565857345e-11	4.06808371552257e-08
"Zm00001eb287790"	-4.97163857956941	5.66827430668758	2.21119423783285e-11	4.82120750910755e-08
"Zm00001eb113780"	5.17929819772885	3.78199589197914	3.06930492062217e-11	6.13451743468352e-08
"Zm00001eb394330"	-6.10649888534563	1.6999586785273	2.98962227238436e-10	5.51562312160511e-07
"Zm00001eb201580"	5.35839085087213	2.17566000553468	3.78218111583282e-10	6.46172974436306e-07
"Zm00001eb187130"	9.68477360160503	0.992695474005883	4.04127527374274e-10	6.46172974436306e-07
"Zm00001eb109440"	4.50355880970613	4.37518193824281	8.79261866104471e-10	1.28427804128583e-06
"Zm00001eb027960"	5.15440048831829	2.19471495594556	9.10303815120877e-10	1.28427804128583e-06
"Zm00001eb056010"	-4.66884738240323	3.43474295014234	1.00236524693219e-09	1.33559600457898e-06
"Zm00001eb418610"	-4.38898324178978	4.54753037809257	1.75764812265377e-09	2.21870697756463e-06
"Zm00001eb139830"	5.09481471133018	1.6658970550109	4.46799292490783e-09	5.01837558588139e-06
"Zm00001eb147750"	-4.51973914902424	3.05042913632226	4.5824841143119e-09	5.01837558588139e-06
"Zm00001eb040580"	4.91602804935199	1.96486261386506	4.60324645135885e-09	5.01837558588139e-06
"Zm00001eb188750"	9.27547365867689	0.593028585432452	5.68385152232702e-09	5.92702151789092e-06
"Zm00001eb242480"	5.3548048805961	1.21245498777701	6.72403185270506e-09	6.71954916480326e-06
"Zm00001eb339420"	-5.62479196864247	1.24516369249927	7.29817452208056e-09	7.00157670950321e-06
"Zm00001eb161610"	5.12231951417641	1.38318207910586	9.2481120369757e-09	8.53102765749328e-06
"Zm00001eb121900"	-4.30357288901532	3.35998511105047	1.05674135568635e-08	9.38699432399309e-06
"Zm00001eb180830"	-4.74119432037413	2.10389382404307	1.15467465066281e-08	9.89061315053459e-06
"Zm00001eb433640"	4.63073614051995	2.04586647107584	1.45625446508011e-08	1.20437265829246e-05
"Zm00001eb122110"	4.01492019313695	5.01969492916839	1.52392266176063e-08	1.21832537065557e-05
"Zm00001eb207670"	4.54332781799238	1.96257250972909	2.59418932417692e-08	2.00706570164707e-05
"Zm00001eb278150"	4.68078944516274	1.52394859902593	3.73750421760225e-08	2.77328703505477e-05
"Zm00001eb386040"	-4.56115429717299	1.93553869662925	3.87860322024937e-08	2.77328703505477e-05
"Zm00001eb351790"	-3.81349834202886	7.33859439941953	3.93144426250259e-08	2.77328703505477e-05
"Zm00001eb021500"	5.03665533466895	0.908536918305173	5.25557557115591e-08	3.6014206999601e-05
"Zm00001eb317110"	-3.91247368000561	3.8504630234175	6.20243518109289e-08	4.12587265853277e-05
"Zm00001eb428800"	-3.81628183949931	4.6461646897668	6.47717749794344e-08	4.12587265853277e-05
"Zm00001eb245430"	-4.2619601601017	2.4048107119714	6.53698970247854e-08	4.12587265853277e-05
"Zm00001eb336580"	-3.77023952564072	5.34745066102868	6.80244321955577e-08	4.18332815840578e-05
"Zm00001eb054810"	-8.84960339883686	0.284172368723214	7.19220704765432e-08	4.31244734577353e-05
"Zm00001eb231210"	-3.78977618961426	4.85822621346217	7.45626060116471e-08	4.36173059166669e-05
"Zm00001eb214780"	-4.8362298598299	1.42899693636078	8.50716157103032e-08	4.85799435999027e-05
"Zm00001eb047740"	-8.80316334578874	0.241469588725373	9.7505015826631e-08	5.29173849845495e-05
"Zm00001eb255510"	-3.78972123703786	4.01363708255547	1.00003730146628e-07	5.29173849845495e-05
"Zm00001eb378280"	-3.6750110557382	7.02227065049915	1.01280146356648e-07	5.29173849845495e-05
"Zm00001eb295010"	3.70336322554402	5.51942497660635	1.01492649653489e-07	5.29173849845495e-05
"Zm00001eb209990"	-3.70922393916061	4.97318671465835	1.16882368749266e-07	5.96448240868593e-05
"Zm00001eb251130"	-3.87392285449813	3.13305297860414	1.39046439303169e-07	6.94768708384837e-05
"Zm00001eb102510"	-3.78630887112667	3.59096072901698	1.42006533674691e-07	6.95078510949752e-05
"Zm00001eb357740"	-3.66837867718668	5.05346362826106	1.48399465577313e-07	7.0723996856762e-05
"Zm00001eb400190"	-3.90596837623276	2.98920674660318	1.50388752488945e-07	7.0723996856762e-05
"Zm00001eb034050"	-3.6379534346349	4.7021052131119	1.89557671129002e-07	8.74298304684229e-05
"Zm00001eb299760"	-3.65886341896439	4.40559914266086	2.02788502861822e-07	9.17675368422252e-05
"Zm00001eb037600"	-3.65559207985556	4.27983600119049	2.08568645954488e-07	9.26353778624525e-05
"Zm00001eb084980"	3.77954040014446	2.95814103630542	2.28920573153081e-07	9.98260186637e-05
"Zm00001eb406490"	-3.6328526844392	4.25890982520449	2.43174513317072e-07	0.000104148170132083
"Zm00001eb256120"	-3.62378163032358	3.88840534191578	3.35135970491678e-07	0.000139272738759843
"Zm00001eb023420"	-3.515895085099	5.67704955201495	3.36800318882208e-07	0.000139272738759843
"Zm00001eb381280"	-4.59362799423938	1.20505452566741	3.89465966207239e-07	0.000158321215822278
"Zm00001eb214550"	3.82250516903634	2.26811496805359	3.99991924314645e-07	0.000159890105212707
"Zm00001eb275400"	3.5429082464054	3.93537066925999	4.29054782975717e-07	0.000166737382376725
"Zm00001eb035600"	-4.41701252102837	1.3431611222549	4.36012809764628e-07	0.000166737382376725
"Zm00001eb316870"	-3.47763656791217	5.37393620536641	4.4062291798866e-07	0.000166737382376725
"Zm00001eb011820"	3.48923678107284	5.05131289028529	4.44929639430886e-07	0.000166737382376725
"Zm00001eb346800"	-3.73073146304211	2.76535476465878	5.18238161209173e-07	0.000191221908591397
"Zm00001eb141540"	-4.54477506707796	1.16027231838788	5.42110237944455e-07	0.000196999574952421
"Zm00001eb260010"	-3.63378185167458	2.96598734011528	6.0735390907179e-07	0.000216930726897447
"Zm00001eb056110"	-8.48792657550237	-0.0459919359241115	6.15047090936725e-07	0.000216930726897447
"Zm00001eb111710"	3.5611512972744	3.09523615780422	6.49191501371636e-07	0.000225655202447787
"Zm00001eb139500"	-3.94793617097046	1.71675109747517	7.57025082256128e-07	0.000259378422469014
"Zm00001eb280930"	-3.37884677485363	5.63112438782797	8.05677312043622e-07	0.000272160065521891
"Zm00001eb186620"	-3.72155910874168	2.30969189387339	8.81006870494313e-07	0.000293473177526883
"Zm00001eb164390"	-3.84201679377732	2.01824120990176	9.83069055417922e-07	0.000321722448516142
"Zm00001eb148040"	-4.05609749736594	1.47061107465495	9.92639309130859e-07	0.000321722448516142
"Zm00001eb374190"	3.3767017076848	4.19719592404906	1.067992502908e-06	0.000341529762529939
"Zm00001eb251520"	-3.51685945059692	2.96073606854492	1.08506426987871e-06	0.000342423440115407
"Zm00001eb139740"	3.40301839557063	3.58220383698078	1.18851442321035e-06	0.000369151655926384
"Zm00001eb370870"	3.36023615182607	4.21316129193766	1.20571492301833e-06	0.000369151655926384
"Zm00001eb397940"	-3.86952698683365	1.64560810152604	1.21593482397366e-06	0.000369151655926384
"Zm00001eb215270"	3.79860440575349	1.78385705420306	1.27002315669722e-06	0.000379226971915592
"Zm00001eb106430"	-3.2861643887938	6.57245016849846	1.28672270895951e-06	0.000379226971915592
"Zm00001eb242240"	-4.40121769127134	1.02932803675476	1.29655652506165e-06	0.000379226971915592
"Zm00001eb418230"	-3.75207412691265	1.81607640425412	1.34033246626919e-06	0.000387307637000002
"Zm00001eb102370"	-4.77804682190363	0.4666630446245	1.40591763384108e-06	0.000400454446179992
"Zm00001eb169870"	-3.5226104799094	2.75625661534438	1.41922231176198e-06	0.000400454446179992
"Zm00001eb087350"	-3.41895978205894	3.25523014297587	1.50661315112543e-06	0.000420169881588283
"Zm00001eb016800"	3.23900384435814	6.0097173056903	1.81226892009884e-06	0.000499602962984489
"Zm00001eb196990"	4.14477373395548	0.769486158844862	1.90471396848563e-06	0.000519121134319993
"Zm00001eb274870"	8.3183126147639	-0.318423252101189	1.94368869979474e-06	0.000523791345796372
"Zm00001eb247830"	-4.33092226267311	0.965578142798687	2.05943618192595e-06	0.000546648958694543
"Zm00001eb032580"	-3.39208862240675	2.94237881711217	2.07409336395945e-06	0.000546648958694543
"Zm00001eb170080"	-3.25558420174459	4.18706843144811	2.35105068383443e-06	0.000608131484993876
"Zm00001eb138650"	-3.19050995679745	6.60188745357743	2.35841551428227e-06	0.000608131484993876
"Zm00001eb168900"	8.27779975976025	-0.355980952017891	2.38343727440895e-06	0.000608131484993876
"Zm00001eb068470"	3.28628310636134	3.54749048101658	2.46760298322089e-06	0.000622978841574419
"Zm00001eb131090"	-3.21029176444482	4.31298743418447	2.94049428232745e-06	0.000734633488201473
"Zm00001eb214420"	3.13714520865127	6.81377925884176	3.18772397018628e-06	0.000788189398978842
"Zm00001eb185100"	-3.20834714015787	3.95625246734639	3.3760288870081e-06	0.00080390156434698
"Zm00001eb167700"	-3.85063382478176	1.28506637667484	3.38252723002273e-06	0.00080390156434698
"Zm00001eb313920"	-3.94804010814147	1.16373152802871	3.38817816193472e-06	0.00080390156434698
"Zm00001eb325410"	-3.20835620671711	4.16220317535632	3.40427078343275e-06	0.00080390156434698
"Zm00001eb332100"	-3.55424360967606	1.75857188561152	3.45237913307784e-06	0.00080390156434698
"Zm00001eb283460"	-3.55424360967606	1.75857188561152	3.45237913307784e-06	0.00080390156434698
"Zm00001eb270580"	-3.49085485360526	2.10140189304092	3.5784306592331e-06	0.00081083661169475
"Zm00001eb418340"	3.15800400230142	4.55150372863958	3.62233457108661e-06	0.00081083661169475
"Zm00001eb382310"	-8.1596489435337	-0.34036080212583	3.62583861630256e-06	0.00081083661169475
"Zm00001eb053150"	-8.1596489435337	-0.34036080212583	3.62583861630256e-06	0.00081083661169475
"Zm00001eb399150"	-3.83896495137522	1.27459868445856	3.65119888521652e-06	0.00081083661169475
"Zm00001eb256520"	3.38721875290719	2.2183570415371	4.54577470174105e-06	0.000994340217846265
"Zm00001eb342740"	3.21225572825191	3.17177586312319	4.56043295376456e-06	0.000994340217846265
"Zm00001eb043810"	3.58274195140153	1.58602935272299	4.70357812587243e-06	0.00101631187181013
"Zm00001eb128120"	3.69934351271031	1.17548105855403	5.39324569348599e-06	0.0011549250420765
"Zm00001eb395330"	-4.39324097067338	0.642900153479805	5.68970308588169e-06	0.0012076268921397
"Zm00001eb277660"	-3.24257508299197	2.89689467816117	5.82782709781014e-06	0.00122165907289477
"Zm00001eb069320"	-3.1353687323707	3.76497723313132	5.90862460205942e-06	0.00122165907289477
"Zm00001eb077080"	3.13106624536351	3.75615547781373	5.90862460205942e-06	0.00122165907289477
"Zm00001eb257130"	-3.03166245453232	7.24447631513959	6.01252908384234e-06	0.00122359123877463
"Zm00001eb420380"	-3.67243516740577	1.30737976820384	6.0200035930373e-06	0.00122359123877463
"Zm00001eb013070"	3.26787818616136	2.28559135092733	6.34963410341414e-06	0.00127974474232172
"Zm00001eb158260"	-4.13030417858179	0.785065449043415	6.80119796696786e-06	0.00135933276699798
"Zm00001eb032280"	-3.20591580158661	2.72956903614258	6.95545293087026e-06	0.00137867424044622
"Zm00001eb290560"	8.05618187276557	-0.559516317373024	7.02033711881304e-06	0.00138012922506239
"Zm00001eb200120"	-4.35631156873389	0.609798813112394	7.176776028848e-06	0.00139941297785277
"Zm00001eb057010"	-3.3743551052036	1.99741937258224	7.38670668891398e-06	0.00142873204215252
"Zm00001eb058070"	-3.05762990634736	4.26813783581234	7.56112167544624e-06	0.00145076753811122
"Zm00001eb295720"	3.49119373329638	1.50299167013231	8.20566186737501e-06	0.00154964247422931
"Zm00001eb409710"	-3.45215268780963	1.5477081409766	8.20566186737501e-06	0.00154964247422931
"Zm00001eb317020"	3.2597849103698	2.16417478184074	9.4353331672429e-06	0.00176635254305787
"Zm00001eb393490"	3.56413305881628	1.20024660651603	9.50047857131693e-06	0.00176635254305787
"Zm00001eb101660"	-3.04963174663787	3.59828950214718	9.67615889136302e-06	0.001785176883465
"Zm00001eb253580"	-2.9744873182084	5.18139377388342	1.02984370974697e-05	0.00188547874309704
"Zm00001eb149500"	3.76805467868624	0.676075765839117	1.04341687863823e-05	0.00189585684979238
"Zm00001eb351340"	-3.02445774344279	3.77236072834829	1.05255807223716e-05	0.00189808667703279
"Zm00001eb366200"	-3.19647119014806	2.21961827512901	1.14118261692534e-05	0.00204024470462525
"Zm00001eb402150"	-3.25467100144423	2.05553318512358	1.14840324851738e-05	0.00204024470462525
"Zm00001eb423940"	3.2853436482335	1.69701590136914	1.20138084237498e-05	0.00211867045025894
"Zm00001eb306070"	-2.94431655305024	5.15474141968471	1.23890577867327e-05	0.00216889899238684
"Zm00001eb223210"	-3.84907361668485	0.830843847809828	1.27964344376284e-05	0.0022239832141455
"Zm00001eb124930"	-5.0346133235581	-0.153373463739537	1.29547330582378e-05	0.00222454866478859
"Zm00001eb078870"	2.96336701092128	4.19635056418473	1.29851906717146e-05	0.00222454866478859
"Zm00001eb170590"	-2.98891947351566	3.69963786686414	1.35753535620685e-05	0.00230678336752164
"Zm00001eb415440"	-3.46973910913795	1.28831228944515	1.36575733067075e-05	0.00230678336752164
"Zm00001eb395360"	-3.70043692534562	0.943120777881149	1.37652653083537e-05	0.00230871414794094
"Zm00001eb283930"	-7.91955785542435	-0.551934512130554	1.41755037532685e-05	0.00234472608288547
"Zm00001eb414900"	-7.91955785542435	-0.551934512130554	1.41755037532685e-05	0.00234472608288547
"Zm00001eb360290"	2.89851298193946	5.58656981696127	1.47713526917083e-05	0.0024265487873831
"Zm00001eb201180"	-2.87279354289536	7.3050926033482	1.55179946024131e-05	0.00253186110574337
"Zm00001eb230580"	-3.23980113413114	1.87840520059185	1.60171845736455e-05	0.00259564969469131
"Zm00001eb425130"	2.93893809855936	3.93874036738321	1.64860381393767e-05	0.0026536989176833
"Zm00001eb412990"	-2.91014304455286	4.4307051737711	1.68816309298523e-05	0.00269926024147719
"Zm00001eb238440"	-7.87534993280381	-0.590512985630264	1.81022360948942e-05	0.00287525848013207
"Zm00001eb055260"	-3.27796829155505	1.51398338317568	1.83811461220675e-05	0.00290035137231359
"Zm00001eb145860"	-4.17732662147173	0.450454841499243	1.91124240053553e-05	0.00299602861009439
"Zm00001eb148420"	-2.8323801928338	7.65348522819961	1.96214128601076e-05	0.00305584393530402
"Zm00001eb412980"	-2.85294469881965	5.48605354019608	1.99938457977886e-05	0.00309375740396233
"Zm00001eb011930"	-3.29702694986903	1.41111658637377	2.06635560487726e-05	0.00315643370584495
"Zm00001eb227720"	2.92233243793349	3.51513386988559	2.07242715023932e-05	0.00315643370584495
"Zm00001eb394930"	-3.06922153099705	2.40734977915961	2.07937177086183e-05	0.00315643370584495
"Zm00001eb120430"	3.34736903061404	1.26117505611963	2.18980766684771e-05	0.00330316648312425
"Zm00001eb007740"	-3.52619574498012	0.997069991524526	2.26800340545672e-05	0.00337816924561531
"Zm00001eb400020"	-2.93427820895227	3.1850877013723	2.29588699261114e-05	0.00337816924561531
"Zm00001eb098620"	3.04007513719728	2.23840872833037	2.30887759333411e-05	0.00337816924561531
"Zm00001eb002600"	2.97920522097771	2.6081025095125	2.30917767851511e-05	0.00337816924561531
"Zm00001eb226530"	2.81768420232756	5.97187542471036	2.30995562158485e-05	0.00337816924561531
"Zm00001eb185400"	-7.7826500766667	-0.671001515239714	2.32449168036709e-05	0.00337882475526813
"Zm00001eb127310"	-2.97555751664956	2.82293122934541	2.36686027705042e-05	0.00338431692290235
"Zm00001eb408520"	3.31551715615977	1.3452391768009	2.37268324293536e-05	0.00338431692290235
"Zm00001eb429420"	-3.73108127654248	0.726710815868524	2.38471297519387e-05	0.00338431692290235
"Zm00001eb041030"	-3.73108127654248	0.726710815868524	2.38471297519387e-05	0.00338431692290235
"Zm00001eb159390"	3.09185251595384	2.01449736544449	2.51599064638399e-05	0.00354961880369845
"Zm00001eb125290"	-4.09004488590887	0.373436438578582	2.8235009000878e-05	0.00394794172389318
"Zm00001eb013880"	4.50517634558737	-0.117494931371174	2.83124573261186e-05	0.00394794172389318
"Zm00001eb219530"	3.56677502316413	0.496071404598534	2.91178976440826e-05	0.00403678414506171
"Zm00001eb032560"	-3.46677859230466	0.945051562865855	2.98094897780839e-05	0.004108912659986
"Zm00001eb159020"	-2.76432188049134	6.40064257012458	3.09091065903618e-05	0.00423613721407564
"Zm00001eb319590"	2.76577205072675	5.75510978583828	3.20974647617481e-05	0.00437400906162368
"Zm00001eb154000"	3.07334941691543	1.73910305060426	3.30035794721735e-05	0.00447207824892999
"Zm00001eb022790"	4.4687548000425	-0.150168578968534	3.36714856966446e-05	0.00453694894914789
"Zm00001eb018040"	-2.86325559516437	3.28734380156629	3.39150260887778e-05	0.00454423455705724
"Zm00001eb397980"	-2.7462674026235	6.16014166356658	3.49749446156891e-05	0.0046602170647927
"Zm00001eb225090"	-3.43612642776212	0.918309664190326	3.59000688330579e-05	0.00475705663476276
"Zm00001eb279680"	-3.03212603952415	1.93594345473329	3.6707108608491e-05	0.00483670443907695
"Zm00001eb081100"	3.61735558176481	0.29368938573043	3.69044743308489e-05	0.00483670443907695
"Zm00001eb051810"	-2.74786621695663	5.24727404581995	3.7161074309729e-05	0.00484049166179559
"Zm00001eb218350"	3.03619558711866	1.84166067738199	3.73370145693873e-05	0.00484049166179559
"Zm00001eb285960"	2.85089127891429	2.76275148931271	3.89712078140917e-05	0.00500068715020519
"Zm00001eb159220"	-2.7748983804153	4.17372363125951	3.89896804990148e-05	0.00500068715020519
"Zm00001eb409700"	-2.77041479166792	4.25975390990896	3.99211576634242e-05	0.00509292045425302
"Zm00001eb061830"	-4.17379383368363	-0.0668015959231344	4.01528954158097e-05	0.00509538118334804
"Zm00001eb182560"	-3.0826848652628	1.7410021352062	4.09271060581546e-05	0.00516629321946726
"Zm00001eb248930"	-2.73434159700828	5.18510933702099	4.14150891566867e-05	0.00520052093368572
"Zm00001eb121050"	-3.33642183817691	1.01165100555243	4.21349925981217e-05	0.00526336282538204
"Zm00001eb241760"	3.04932702075587	1.56875939500972	4.29640668608051e-05	0.00533912010150025
"Zm00001eb012680"	-3.40480884993608	0.89105411083959	4.33673312978882e-05	0.00536145398891006
"Zm00001eb121700"	-2.8117941618803	3.24267549788059	4.52619578530831e-05	0.00556698870332485
"Zm00001eb214410"	2.69495132728681	6.0298193456303	4.68628068361892e-05	0.00573447734264879
"Zm00001eb081770"	-2.963780557285	2.14344712957029	4.72815193856819e-05	0.0057563449794223
"Zm00001eb271840"	-4.14218007528293	-0.0940785736020842	4.80150124971305e-05	0.00579849019458146
"Zm00001eb379570"	-2.76559259170985	3.6633854212819	4.81112220114122e-05	0.00579849019458146
"Zm00001eb371220"	3.56089733060515	0.244032258311874	4.85466968679934e-05	0.00582171988840977
"Zm00001eb039750"	-3.07566884217056	1.64553206595357	4.97442962087706e-05	0.00593565771279181
"Zm00001eb069310"	-2.85406857255515	2.4676406928906	5.12942034510211e-05	0.00609029789885788
"Zm00001eb089540"	-2.9176887898618	2.04142440992957	5.18856310319564e-05	0.00611830712592797
"Zm00001eb368740"	2.99309352960283	1.7378019661894	5.20897326672402e-05	0.00611830712592797
"Zm00001eb010530"	-2.89595814906058	2.30954283531721	5.22954036363923e-05	0.00611830712592797
"Zm00001eb118450"	-2.91502736586247	2.21804050428404	5.28750439367402e-05	0.00615609249407174
"Zm00001eb416920"	-4.74610050386041	-0.404015480458965	5.36342455535875e-05	0.00621431761042147
"Zm00001eb237960"	-2.66005077440453	6.09207443329791	5.75609211490354e-05	0.00659311398724673
"Zm00001eb087570"	-4.1098580150023	-0.12189462868758	5.75811182502218e-05	0.00659311398724673
"Zm00001eb161390"	-2.92771411808094	1.91707763985973	5.77282328769935e-05	0.00659311398724673
"Zm00001eb384900"	-2.83613788765785	2.40603014573124	6.00815003679214e-05	0.00682935879063614
"Zm00001eb065620"	2.93995602852952	1.88093696432689	6.05626871620316e-05	0.0068515824947838
"Zm00001eb027780"	-3.05918622408455	1.32399329786965	6.22748521071642e-05	0.00701220682130622
"Zm00001eb031880"	-2.9693679446328	1.7270198314293	6.456618981065e-05	0.00723624063747023
"Zm00001eb392630"	-3.2463525209589	0.933686020333328	6.61130779695181e-05	0.00737514447451592
"Zm00001eb383680"	-3.04732548443817	1.31379432380742	6.69054205216618e-05	0.0074289796564423
"Zm00001eb135130"	2.78635952143163	2.6758073269674	6.75608043136813e-05	0.00744653264592232
"Zm00001eb316290"	-2.66600836617626	4.50174800166006	6.78418351574193e-05	0.00744653264592232
"Zm00001eb228490"	2.63875580076572	5.30604791329041	6.79949403542774e-05	0.00744653264592232
"Zm00001eb207130"	-2.82252824400024	2.34664668639925	6.86335102198112e-05	0.00748230049596342
"Zm00001eb344210"	-3.68817479606281	0.395577196807696	6.93078845193953e-05	0.00752163032720894
"Zm00001eb426280"	-2.85238384387096	2.21900633407275	7.00984109321403e-05	0.00757315444953357
"Zm00001eb388760"	-2.7945423067613	2.41640878208017	7.17215843568759e-05	0.00769975841421581
"Zm00001eb270570"	-3.03536642596453	1.30352169567418	7.19123534349708e-05	0.00769975841421581
"Zm00001eb237100"	2.77507944614625	2.46603711953418	7.46326587054926e-05	0.00795550971730015
"Zm00001eb052520"	-2.66441374372599	4.03805779138065	7.59139311543029e-05	0.00805628196816283
"Zm00001eb156200"	3.38816345459416	0.33909004715088	7.88827509987924e-05	0.00833446651962571
"Zm00001eb192770"	2.67085690462912	3.38771704156342	8.09570207171199e-05	0.00851611045999738
"Zm00001eb138350"	-4.00830570258869	-0.208803179365034	8.3554958650608e-05	0.00875101366059468
"Zm00001eb350280"	2.5915551727251	6.21798437839418	8.45302700992606e-05	0.00881466955678551
"Zm00001eb170920"	-3.07558956378058	1.08915499146598	8.88379634394825e-05	0.00922376500057381
"Zm00001eb289910"	3.23006374051184	0.594067336268543	9.43252417052194e-05	0.00975127843559475
"Zm00001eb241960"	-2.98464263012163	1.4717560430916	9.57776244408213e-05	0.00984027998985287
"Zm00001eb113210"	-3.1093167743273	0.97510765518369	9.63882893779982e-05	0.00984027998985287
"Zm00001eb392090"	-2.97403733859801	1.25101505006382	9.64170195803629e-05	0.00984027998985287
"Zm00001eb334540"	-3.97280178484429	-0.239008755385058	0.000101121718266824	0.0102767088597945
"Zm00001eb426520"	-2.84506768493487	1.77479311955422	0.000104709882152078	0.0105622929862657
"Zm00001eb396710"	2.67579629961159	2.72818448672049	0.000104877721357812	0.0105622929862657
"Zm00001eb019930"	-2.68634939145023	2.71825988510258	0.000105372381550289	0.0105622929862657
"Zm00001eb382990"	-3.23713166232268	0.746315470899272	0.000105693392124073	0.0105622929862657
"Zm00001eb338750"	-2.69848846623074	2.65793140783567	0.000106425844089414	0.0105913586914543
"Zm00001eb189350"	-2.67403682589658	2.74184247855866	0.00010775079106894	0.0106789048470969
"Zm00001eb000380"	-2.56133927880881	4.98412084639866	0.00011183304949753	0.0110378759635751
"Zm00001eb222250"	-2.54495901519362	5.88118940976147	0.000112448121411797	0.0110530973112317
"Zm00001eb020900"	-2.89643665392408	1.58047853598087	0.000113610709749246	0.0111217929086772
"Zm00001eb339320"	-3.81860415445334	0.137034262713284	0.00011520905925291	0.0111521310305975
"Zm00001eb246540"	-3.81860415445334	0.137034262713284	0.00011520905925291	0.0111521310305975
"Zm00001eb261620"	-2.73957746368567	2.2263605213977	0.00011531556435908	0.0111521310305975
"Zm00001eb053840"	-2.95225435945349	1.44399168759832	0.000116179539827661	0.0111569546978176
"Zm00001eb187720"	-3.13363101396263	0.836955845422757	0.00011629580864136	0.0111569546978176
"Zm00001eb432180"	-2.84224528918587	1.69731945126169	0.000117617770649664	0.0112023830120179
"Zm00001eb168890"	2.65539946530322	2.68232933643592	0.000117703490619935	0.0112023830120179
"Zm00001eb106390"	-3.93640204348083	-0.269877754029252	0.000122779527186502	0.0116393050594508
"Zm00001eb158690"	-2.57357113670407	3.90488177725111	0.000123280915679915	0.0116408247309728
"Zm00001eb354270"	-2.70527261782022	2.47013592589925	0.000124566943603173	0.011716131668151
"Zm00001eb154070"	2.59835922691704	3.1159795172679	0.000128844059125787	0.0120710777893472
"Zm00001eb068650"	-2.5986620417389	3.2302026882625	0.000129804390079041	0.0121137295395164
"Zm00001eb237230"	-3.57107872043437	0.294578532805058	0.000134366685906443	0.0123624769562224
"Zm00001eb084030"	-3.57107872043437	0.294578532805058	0.000134366685906443	0.0123624769562224
"Zm00001eb107560"	-2.5174525326933	5.45678066429556	0.00013450081167455	0.0123624769562224
"Zm00001eb125030"	-2.74835451889401	2.07503667947599	0.000134531624648684	0.0123624769562224
"Zm00001eb299370"	-2.50381272882982	6.41220290773661	0.000137730061688737	0.0126032541203872
"Zm00001eb365220"	-3.04734703195873	0.922219170570032	0.000138202794932531	0.0126032541203872
"Zm00001eb115840"	2.59062947671444	3.22744310950058	0.000139233842592689	0.0126491836391783
"Zm00001eb079860"	-2.90998495055752	1.19649409201366	0.000140597362394085	0.0127248571307914
"Zm00001eb333620"	2.56611735651255	3.61516186083118	0.000141864070167068	0.0127912325522066
"Zm00001eb405820"	-2.93955402129004	1.10287232974014	0.000143886972744999	0.0129250380311463
"Zm00001eb021970"	2.99731128776446	0.953734715229313	0.000147508323449394	0.0132008941403368
"Zm00001eb373270"	-3.03142956059319	0.90868290730461	0.000151497482954569	0.0134380712507603
"Zm00001eb287700"	3.02839036263258	0.859441950732279	0.000151497482954569	0.0134380712507603
"Zm00001eb222700"	-2.89682600930584	1.18533424026279	0.000151839447504839	0.0134380712507603
"Zm00001eb320970"	3.34383601816265	0.0558007309258082	0.000155997634192734	0.0137553208032299
"Zm00001eb031240"	-2.74520475195457	1.76113834632494	0.000156639197933866	0.0137612986199481
"Zm00001eb159280"	2.47922588585903	5.57986349128606	0.000163534567374769	0.0143146462186732
"Zm00001eb288750"	-4.53125283472139	-0.586903810405808	0.000167239976649419	0.0145857585453079
"Zm00001eb310180"	-2.61135934373834	2.58390056923369	0.000169979857593809	0.0147710032772823
"Zm00001eb188120"	-3.35153401064675	0.398065499839225	0.000171439793632964	0.0148440866804802
"Zm00001eb408900"	-2.6394690600314	2.41424027918153	0.000178875742711125	0.0154322151553368
"Zm00001eb010060"	-2.99905786794045	0.88121620127878	0.000182445068469259	0.0156627545493159
"Zm00001eb310440"	4.13862541068148	-0.441227810961968	0.00018285403910142	0.0156627545493159
"Zm00001eb179970"	-2.86215295364115	1.36719127979414	0.000184654541038011	0.015760692214433
"Zm00001eb367120"	2.544406195474	2.9637354042432	0.000193896818618748	0.0164908556657874
"Zm00001eb264770"	2.56302435355046	2.79124566633182	0.000200018456354648	0.016951387481307
"Zm00001eb195930"	2.74473778057912	1.52298101749293	0.000201316825140805	0.0170013476555531
"Zm00001eb326950"	-2.49496093371131	3.52322021430415	0.000205798228971004	0.0173188235917213
"Zm00001eb142620"	-2.45801286928958	4.51862832686326	0.000208937801279905	0.0175131352694683
"Zm00001eb113160"	-3.20378272648329	0.512688633272432	0.000209598231968835	0.0175131352694683
"Zm00001eb170330"	-3.02946626678525	0.748439891869837	0.000210531970752526	0.0175131352694683
"Zm00001eb433540"	-2.43090788476676	5.85360562526169	0.000211028022551549	0.0175131352694683
"Zm00001eb055410"	2.41915524623876	6.79090452065446	0.000212292100939204	0.0175552445468854
"Zm00001eb078280"	-4.43547479258908	-0.667298330138832	0.000212999339690779	0.0175552445468854
"Zm00001eb263800"	2.94944120969184	0.791570521589215	0.00022037156600973	0.0181006562985526
"Zm00001eb311920"	3.11500015795823	0.312567087545781	0.000221407744149326	0.0181236973913905
"Zm00001eb168560"	2.78283513296558	1.08182224338896	0.000224790889367317	0.0183380431652576
"Zm00001eb412960"	-2.54439418933341	2.59804676358936	0.00022712899233882	0.0184659720415399
"Zm00001eb178940"	2.53568030064869	2.60876783447758	0.000229066338739962	0.018560564420065
"Zm00001eb392110"	2.71258199666258	1.42665875816518	0.000236645125420721	0.0191100898588908
"Zm00001eb066680"	2.40353008276037	6.40746304000685	0.000237495033080349	0.0191143653469768
"Zm00001eb179680"	-2.42957468330592	4.52039593795231	0.000240412318922592	0.0192844450068209
"Zm00001eb148670"	2.40255170735693	5.68496822607704	0.000245086500503897	0.0195938487602849
"Zm00001eb006680"	-2.44323855174604	3.86384097251075	0.000255737736623405	0.0203774547348032
"Zm00001eb415840"	-3.16080181624881	0.476290825351331	0.000266051973970921	0.0211291077606575
"Zm00001eb151750"	-2.38778092702147	5.73412208160939	0.000269641388179817	0.0213434952280684
"Zm00001eb032600"	-2.3737944157953	6.99042646309144	0.00027172495025311	0.0214234203112841
"Zm00001eb061280"	2.39195714218993	4.93057121578636	0.000272437591516913	0.0214234203112841
"Zm00001eb049880"	-3.78085931676372	-0.400620471772459	0.000276251700011413	0.0216523554675612
"Zm00001eb150050"	-2.38756985899616	5.24067066558477	0.00027903979849279	0.0217996434105898
"Zm00001eb390310"	-2.75171962868062	1.3687488714176	0.000282811425614417	0.0219512920127384
"Zm00001eb309630"	-2.75171962868062	1.3687488714176	0.000282811425614417	0.0219512920127384
"Zm00001eb232620"	-2.41792861648475	3.78765373314839	0.000287055577448149	0.0222088418371497
"Zm00001eb170180"	-2.54864717086899	2.16187468887563	0.000291483939120203	0.0224789414657844
"Zm00001eb047760"	-2.37945300027491	5.07460625405929	0.000296064072538622	0.0227582358835013
"Zm00001eb410040"	-2.36256963745161	6.47471927289569	0.000297003328533018	0.0227582358835013
"Zm00001eb120740"	2.57914594731406	1.68499077293647	0.000300015173601194	0.0228685781628369
"Zm00001eb048560"	2.46196960406155	2.87188982739212	0.000300350321935191	0.0228685781628369
"Zm00001eb041540"	-2.68506589043516	1.48528560880674	0.000308071965872031	0.0233822722451734
"Zm00001eb094860"	-3.41673406460728	0.162985999949313	0.000313630127276407	0.0236544181528218
"Zm00001eb255130"	3.12030306967815	0.109159267648303	0.000313630127276407	0.0236544181528218
"Zm00001eb030650"	-2.41387018389825	3.54063978078866	0.000323114928397118	0.0242933806980454
"Zm00001eb322670"	2.37215338413995	4.39801417647968	0.00032657553939006	0.024476836677285
"Zm00001eb119760"	-2.45330111472887	2.93754946257246	0.000331665064067685	0.0246439724409106
"Zm00001eb316410"	-2.33504165608405	7.51452365494557	0.000332047667613094	0.0246439724409106
"Zm00001eb005300"	2.62534267282783	1.61052407399398	0.000332537061622949	0.0246439724409106
"Zm00001eb361960"	2.7221826745009	0.934111141896633	0.00033385097712537	0.0246439724409106
"Zm00001eb036970"	2.334068946432	7.31493857707488	0.00033394308886324	0.0246439724409106
"Zm00001eb400660"	2.34808392347424	5.14881481829111	0.000337393915289923	0.0248222566389985
"Zm00001eb337600"	2.33523630244975	6.27355530573858	0.000342223456761873	0.0251005730488586
"Zm00001eb149750"	-2.74098617689914	1.26496334284423	0.000344552946441774	0.0251635821442007
"Zm00001eb248470"	-3.61481101020227	-0.0370694773103258	0.00034518089248841	0.0251635821442007
"Zm00001eb086170"	2.62791184194027	1.48958657176738	0.000349919076159933	0.0254316943109692
"Zm00001eb119200"	-2.42348387310032	2.98804001925782	0.000363387244574337	0.0262561179565771
"Zm00001eb214940"	3.08722225136805	0.0812608902386276	0.00036345193302133	0.0262561179565771
"Zm00001eb395060"	2.36520976465412	3.92551450647245	0.000365837640397987	0.0263490990009169
"Zm00001eb294020"	2.35543068711784	4.2364499680685	0.000369602724384519	0.0265405740767614
"Zm00001eb268690"	-2.39390348103688	3.25087672094881	0.00037515274793108	0.0268586970339672
"Zm00001eb371350"	3.27546256576789	-0.295361932138263	0.000382673234222636	0.027315579909511
"Zm00001eb078290"	-2.43222241868377	2.72708002485677	0.000385168679752805	0.0273668135783347
"Zm00001eb341580"	-2.50657666196278	2.07923581299585	0.000385673073277064	0.0273668135783347
"Zm00001eb260830"	-2.39297071577256	3.20944135647944	0.000390359737986232	0.0275872486345824
"Zm00001eb039880"	2.33633946810523	4.34580595356683	0.000391080075707055	0.0275872486345824
"Zm00001eb282210"	2.60217474556689	1.46790828848365	0.000394850768871856	0.0277715567173683
"Zm00001eb173470"	-2.48106544639696	2.15150603626637	0.000399754913841347	0.0280342744256458
"Zm00001eb225440"	-2.36387528153902	3.56385663842759	0.000404858467678133	0.0282797988247757
"Zm00001eb052670"	2.50799612494189	1.92013969693728	0.000405614192616863	0.0282797988247757
"Zm00001eb368000"	-2.29113253538452	8.57068094114183	0.000415811614827674	0.0289067413623969
"Zm00001eb415590"	2.45781560510084	2.04584299124679	0.000418994010050412	0.0289827638885424
"Zm00001eb170770"	2.35582117200277	3.50739315422637	0.000419322009227994	0.0289827638885424
"Zm00001eb235950"	-3.69631095537149	-0.470861284754467	0.000423799897067744	0.0292080940553815
"Zm00001eb396520"	2.3225117345783	4.25729440622966	0.000427342929750316	0.029367887756824
"Zm00001eb017640"	-2.68351921172548	1.0064628340773	0.000433232919953697	0.0296875952919128
"Zm00001eb353770"	-3.04738972726608	0.380965478282194	0.000435131321322143	0.0297327339333056
"Zm00001eb058060"	-2.3195567314452	4.41148940250576	0.000436566780921019	0.0297460729363913
"Zm00001eb372510"	-2.87773691784887	0.621084585158472	0.000437938934815878	0.0297550351632409
"Zm00001eb113070"	-2.29815390494309	5.27736843253914	0.000444332189380895	0.0300251560350086
"Zm00001eb155860"	2.29146299425698	5.69618815023352	0.000444418378603571	0.0300251560350086
"Zm00001eb153570"	2.60304732239203	1.26193512878262	0.000455947713321633	0.0307175560570394
"Zm00001eb229750"	3.63043710437537	-0.366424578690859	0.000462206971074658	0.0309652849001525
"Zm00001eb111620"	3.23122247617559	-0.332167599628252	0.000462206971074658	0.0309652849001525
"Zm00001eb048870"	-2.37683302627029	2.94927583735251	0.000465355448407768	0.0310893734668855
"Zm00001eb410380"	-2.38451837307986	2.88030728930932	0.00047123890169116	0.0313949828282244
"Zm00001eb294690"	-2.26839832098308	7.54429104339023	0.000473711299121988	0.0314722764491462
"Zm00001eb100900"	-2.71281140519274	0.912614221528119	0.000475710734537588	0.031517807340192
"Zm00001eb335390"	2.79994511033937	0.664706548391399	0.000484165729471838	0.0319896166822384
"Zm00001eb224120"	-2.44399651552216	2.29119552428909	0.000487832924232857	0.0321433649857166
"Zm00001eb318940"	2.31294526871705	3.72024520492801	0.000491010449086074	0.0322035224577628
"Zm00001eb025790"	-2.9422287561471	0.496991659562106	0.000491431338373132	0.0322035224577628
"Zm00001eb314900"	-3.15606861831636	0.232987700122048	0.000493976638452682	0.0322821136148477
"Zm00001eb004280"	-2.4552132918774	2.03659669559348	0.000495377670652116	0.0322857012307618
"Zm00001eb209760"	2.25560036850852	7.51863581723095	0.000506021809972552	0.0328900463153975
"Zm00001eb001120"	-2.49396834256994	1.86128076497928	0.000514341014970407	0.0333404186568925
"Zm00001eb152430"	-2.50653309087539	1.62911256763109	0.000516511432722882	0.0333908630793143
"Zm00001eb255850"	-2.42208838653799	2.31267009974998	0.000519438481886904	0.0334898186816546
"Zm00001eb356820"	2.34185875206571	2.92042146038245	0.000521611893701683	0.033539784607349
"Zm00001eb353230"	-2.29182359017056	4.11522410936504	0.000526232819027869	0.0335760663288254
"Zm00001eb384750"	-2.35857605081773	2.88438322289014	0.000527758251743432	0.0335760663288254
"Zm00001eb322740"	2.76320552893943	0.754242630636539	0.000528228735183191	0.0335760663288254
"Zm00001eb371510"	-2.72945892408815	0.797544961335033	0.000528228735183191	0.0335760663288254
"Zm00001eb067380"	-2.31656084553022	3.5867078303047	0.000529175828564709	0.0335760663288254
"Zm00001eb431520"	2.26805660299702	4.91747478819192	0.000533765162772329	0.0337261639610313
"Zm00001eb184010"	-2.3646155395723	2.83781574672591	0.00053435383193762	0.0337261639610313
"Zm00001eb107100"	-2.4446077799004	1.97872254185854	0.000545117566449109	0.0343152223457098
"Zm00001eb021200"	-2.27599768935668	4.4343272000676	0.000550959129701016	0.0345921564574586
"Zm00001eb146840"	2.55927541280833	1.29753020371861	0.000553506252982408	0.0346613419622195
"Zm00001eb130790"	3.18558273566419	-0.369906181205831	0.000560000268202144	0.0349766834181256
"Zm00001eb148580"	-3.12966272255023	0.21092428919513	0.000567750016191435	0.0353686139956763
"Zm00001eb401290"	-3.27416313313422	0.0430800404185234	0.000572100036679867	0.0355472727454143
"Zm00001eb146510"	-2.2466493675882	5.47431876722293	0.00057674656358003	0.035743383929983
"Zm00001eb004260"	-2.57484863235311	1.30995655152683	0.000592407157439368	0.036619312536149
"Zm00001eb019650"	2.2892787658814	3.53132281808471	0.000601088401661124	0.0370604221733687
"Zm00001eb369060"	2.38283587853185	2.02256052887354	0.000604258142873133	0.0371603264068441
"Zm00001eb393860"	2.45067958340042	1.57766995908873	0.000610923592516059	0.0374741469128009
"Zm00001eb161000"	-2.41737229598326	2.00534102868806	0.000612755484815542	0.0374906314995305
"Zm00001eb022920"	2.58489080057641	0.819563462083463	0.000624797301787932	0.0381301233742538
"Zm00001eb301450"	2.22267990678988	5.81456417012238	0.000631065001347611	0.0384148806911703
"Zm00001eb187440"	-2.44967648924191	1.64679691253347	0.000634057911799447	0.0384777998177215
"Zm00001eb216410"	-2.36094801931429	2.54503472169154	0.000635307235149172	0.0384777998177215
"Zm00001eb071370"	-2.69345127734871	0.767797338610923	0.000641257374591551	0.0386430072165923
"Zm00001eb100930"	-2.69345127734871	0.767797338610923	0.000641257374591551	0.0386430072165923
"Zm00001eb363140"	2.31659842598503	2.75074488998394	0.000646572639394783	0.038865659607129
"Zm00001eb123670"	-3.07535521147374	0.165732482676268	0.000653613050329959	0.0391906384977843
"Zm00001eb239700"	-3.60649752616559	-0.544805755188392	0.000660915013712771	0.0394313076837988
"Zm00001eb386210"	-3.60649752616559	-0.544805755188392	0.000660915013712771	0.0394313076837988
"Zm00001eb219950"	-3.24387675564026	0.0178222504181255	0.000668121621196824	0.0397623547463638
"Zm00001eb299240"	-3.44932287910733	-0.176097729088348	0.000678989126113638	0.0402330500334098
"Zm00001eb293310"	-2.549787478559	1.28925658738764	0.000679385643075841	0.0402330500334098
"Zm00001eb222660"	-2.20948051249235	5.35014282508367	0.000693567933822517	0.0409717569576336
"Zm00001eb187810"	-2.44770876074659	1.76616182594291	0.000699187925834166	0.0411436011252836
"Zm00001eb186480"	2.47738735503985	1.48659768143597	0.000699907824346052	0.0411436011252836
"Zm00001eb295610"	-2.20527751911345	5.57202856314358	0.000702604628091877	0.041201147677642
"Zm00001eb293780"	-2.19408454465475	6.79321949577143	0.000707860594165566	0.0414081182694315
"Zm00001eb096870"	-2.20066753986864	5.84256597357517	0.000716295616632069	0.0417995962756777
"Zm00001eb158650"	-2.21961936713009	4.36301946701108	0.000721779530185705	0.042017379252364
"Zm00001eb280150"	2.83855427200648	0.260891535566635	0.000726915196278928	0.0422138839408082
"Zm00001eb171230"	-2.19867455163229	5.61263167949807	0.000734537491420476	0.0424800839272137
"Zm00001eb078450"	-2.30342649806981	2.78740027391025	0.000736649612735751	0.0424800839272137
"Zm00001eb334460"	-2.27259141101545	3.08926315439391	0.000737928286781181	0.0424800839272137
"Zm00001eb284020"	-2.61433800593716	1.05823938408503	0.000739882332203951	0.0424800839272137
"Zm00001eb342500"	-2.35266516494983	2.2554338918515	0.000740355031753474	0.0424800839272137
"Zm00001eb216960"	-2.61109570538314	0.828726875848364	0.00075193546613683	0.0430415757036414
"Zm00001eb216840"	-2.25562920775799	3.35906354287343	0.0007647496461782	0.043670846461757
"Zm00001eb255110"	-2.25954122801011	3.1197823564122	0.000769063777412009	0.0438128874998803
"Zm00001eb348850"	-2.28398522204569	2.69052780925455	0.000773686181880078	0.0439717757967104
"Zm00001eb324090"	-2.17525464968691	6.84078617202573	0.000779494763592124	0.0441971688179515
"Zm00001eb049110"	-2.27506941410272	2.71071819803533	0.000784174533555177	0.044357646256574
"Zm00001eb007100"	-2.43440254974266	1.69600025216526	0.000792129937330877	0.044635676522938
"Zm00001eb283940"	-2.82881666716437	0.403039006177318	0.000792811799481804	0.044635676522938
"Zm00001eb331530"	3.00603590537901	-0.227682262498086	0.000809124869227524	0.0454474259099601
"Zm00001eb025140"	-3.51071948403329	-0.622868742549255	0.000830750740749141	0.0463365715491335
"Zm00001eb412970"	-3.51071948403329	-0.622868742549255	0.000830750740749141	0.0463365715491335
"Zm00001eb004600"	-3.51071948403329	-0.622868742549255	0.000830750740749141	0.0463365715491335
"Zm00001eb033140"	2.19292999025018	4.26442749259486	0.000841161043468222	0.0468083676717908
"Zm00001eb128850"	2.16852277267142	5.43125632356797	0.000854864950499673	0.0472832964345723
"Zm00001eb374880"	2.16906140657079	5.51586691285099	0.00085521423279301	0.0472832964345723
"Zm00001eb245000"	-2.31996988534595	2.22863974948824	0.000855610017203317	0.0472832964345723
"Zm00001eb032330"	2.26091332388334	2.70490831202391	0.0008590566105424	0.0473646293040205
"Zm00001eb214080"	-2.26469349688084	2.67475716762121	0.000861463473334996	0.0473883943680425
"Zm00001eb168980"	-2.47550562070086	1.31156299617788	0.00086571466527761	0.0475132735286458
"Zm00001eb026180"	2.8355763643794	0.0783202570337234	0.000870652131843515	0.0476751614843262
"Zm00001eb416070"	-2.37886104471166	1.58879876067755	0.000883867360803982	0.0482885530330813
"Zm00001eb277770"	-2.33446511401643	2.16020515365411	0.000891746350160507	0.0486082828687491
"Zm00001eb265040"	2.14667822468844	6.60069894776003	0.000904303023888898	0.0491441560659008
"Zm00001eb425540"	-2.66948522535477	0.606598274695404	0.00090567532442996	0.0491441560659008
"Zm00001eb164960"	-3.18132716195551	-0.0340964900693679	0.000916859937623953	0.0496387556297356
"Zm00001eb071660"	-2.50993776183863	1.16794234251794	0.000933796913647757	0.0504418585065941
"Zm00001eb129330"	2.13696756240578	7.31677284344598	0.000939570249820797	0.0506396693746112
"Zm00001eb050120"	-2.8983643879838	0.257356320524498	0.000947515244778426	0.0509533758537349
"Zm00001eb421990"	-2.29373084118229	2.24572814467713	0.000968268569034851	0.0519529157935836
"Zm00001eb337300"	2.17430192255241	3.8948358475443	0.00097972916883515	0.0524505008601389
"Zm00001eb351390"	2.22937685080896	2.58670765771996	0.000994113825283396	0.0531020623287238
"Zm00001eb061730"	-2.1352185917172	5.92793511085071	0.00099776816772541	0.0531788260771694
"Zm00001eb015870"	-2.78083185519028	0.363631690425547	0.00101435657232084	0.0539430776730442
"Zm00001eb046570"	2.20234064229438	3.12976746355023	0.00102772503853991	0.0545330914255335
"Zm00001eb283120"	2.1656377546654	3.58775302954245	0.00103943653646437	0.0550327723853454
"Zm00001eb084580"	-3.46033541589409	-0.663594027046924	0.00104899824172186	0.055416682443738
"Zm00001eb388070"	-2.57970014767765	0.674601956021442	0.00105595629806545	0.0556616612149489
"Zm00001eb358800"	2.2631611516141	2.20319472288125	0.00107910304492674	0.0566709779012147
"Zm00001eb216040"	2.15137264097626	3.98411054109844	0.00107982975737388	0.0566709779012147
"Zm00001eb310010"	-2.130237465159	4.44876550268181	0.00112401129462532	0.0588608884067548
"Zm00001eb087080"	-3.34007727599609	-0.266636413316585	0.00115812716852985	0.0603837435000432
"Zm00001eb380060"	-3.34007727599609	-0.266636413316585	0.00115812716852985	0.0603837435000432
"Zm00001eb016390"	-2.39357343599552	1.32338911409592	0.00116119206404422	0.0604122135879318
"Zm00001eb414620"	-2.9601935583244	0.0707471023635125	0.00116787826635437	0.0606285548490114
"Zm00001eb085190"	-2.37737436503604	1.38475971635305	0.00118378515870756	0.0613216052838921
"Zm00001eb310220"	-2.14178193497544	3.56032430130076	0.00119551015643365	0.0617955077411738
"Zm00001eb333150"	2.16403337486806	3.04938113284863	0.00120882953989181	0.0622780501777935
"Zm00001eb180570"	-2.52048633291867	0.754806576661081	0.00121003883350783	0.0622780501777935
"Zm00001eb138720"	2.39966037450211	1.01801750739246	0.00123262768209952	0.063304801557762
"Zm00001eb010130"	-2.19432026880713	2.72440825022236	0.00123538952336307	0.0633110733511535
"Zm00001eb394280"	-2.84506025946491	0.213618858068076	0.00124238814156556	0.0633988025261881
"Zm00001eb055610"	-2.84506025946491	0.213618858068076	0.00124238814156556	0.0633988025261881
"Zm00001eb281100"	-3.11594227188129	-0.0880068876440707	0.00126899609803996	0.0643945015135208
"Zm00001eb260810"	-3.11594227188129	-0.0880068876440707	0.00126899609803996	0.0643945015135208
"Zm00001eb109480"	2.09945848523492	4.72014602891783	0.00126995493728716	0.0643945015135208
"Zm00001eb055400"	2.09265497534512	5.09845468281841	0.00127437638161521	0.0644823694866229
"Zm00001eb254490"	-2.237018654527	1.99595092032847	0.00128034848224893	0.0645882726032505
"Zm00001eb222540"	-2.33938465767182	1.42476899680922	0.00128185531017125	0.0645882726032505
"Zm00001eb152160"	-2.10532033032558	4.32751902702899	0.00129932673541309	0.0653313467969548
"Zm00001eb229800"	2.07617048376479	6.19251282960168	0.00131627254845188	0.0660449389164644
"Zm00001eb419270"	-2.09682024027817	4.42922023527428	0.00131994254630499	0.0660908184354465
"Zm00001eb101170"	-2.24342666178412	2.12677136322803	0.00132455389529295	0.0661835429681376
"Zm00001eb422400"	-2.0793191487337	5.63899967828113	0.00132749242949925	0.0661924707465904
"Zm00001eb336410"	-2.10089327174883	4.43995982822135	0.00133440240040784	0.0662898796321757
"Zm00001eb129570"	2.09927944920611	4.15873737167452	0.00133497381013763	0.0662898796321757
"Zm00001eb339360"	-2.43895042228552	1.11000923555902	0.00135844112291989	0.0673158096944434
"Zm00001eb177410"	-2.10971830985247	3.76657249321653	0.00137107191538524	0.0678016264301024
"Zm00001eb141260"	2.22233605471247	1.92908278370158	0.00138302767801793	0.0682521313365884
"Zm00001eb113490"	-2.06128256909022	6.73644079438111	0.00139295011292734	0.0685854888804941
"Zm00001eb422170"	2.07812075235659	4.79112563526172	0.00139621041623624	0.0685854888804941
"Zm00001eb088070"	-2.58476693816974	0.537577723995292	0.0014008401923038	0.0685854888804941
"Zm00001eb284380"	2.15964126582634	2.53004614116219	0.00140122121211817	0.0685854888804941
"Zm00001eb339810"	2.68025094391859	0.130789186579108	0.00142588783539233	0.069487620292453
"Zm00001eb334140"	2.05647783798273	6.50485485124967	0.00142913436522675	0.069487620292453
"Zm00001eb139110"	-2.12917787037178	3.27328598428871	0.00143068732490042	0.069487620292453
"Zm00001eb280520"	2.0602124456149	6.10018020464771	0.00143124101169412	0.069487620292453
"Zm00001eb004760"	-2.4476455566215	1.02284191085076	0.00144516594301896	0.0700219393482155
"Zm00001eb042070"	-2.46325692823324	0.708523416137702	0.00147142073016617	0.0711503120812609
"Zm00001eb121190"	2.05343002577147	6.08709776452648	0.00147678581058917	0.0712660581110075
"Zm00001eb406990"	2.09831845828274	3.57847553800781	0.00148157294236777	0.0713535049191739
"Zm00001eb399490"	-3.08210392006054	-0.11575829303328	0.00149789868468426	0.0719951944959266
"Zm00001eb308650"	-2.35808162446329	1.21602146994827	0.00150259234471555	0.0720763495913157
"Zm00001eb260140"	-2.07301356425869	4.43226921798684	0.00151799030321067	0.0726696196251591
"Zm00001eb151950"	2.05591631459385	5.18772743156802	0.00152165489236206	0.0726864484525406
"Zm00001eb420860"	-2.61524984525651	0.405524197303392	0.0015280772903467	0.0726864484525406
"Zm00001eb297620"	-2.61524984525651	0.405524197303392	0.0015280772903467	0.0726864484525406
"Zm00001eb280700"	-2.14130071614879	2.75682217172791	0.00153298612677966	0.0726864484525406
"Zm00001eb018150"	-3.09312020926958	-0.467383180435941	0.00153652557394255	0.0726864484525406
"Zm00001eb423080"	-3.09312020926958	-0.467383180435941	0.00153652557394255	0.0726864484525406
"Zm00001eb161780"	2.04325491957175	6.18385315226689	0.0015495441104783	0.0731580038301407
"Zm00001eb308400"	2.03661549038569	6.9307081187537	0.00156594231920534	0.0737869559603556
"Zm00001eb367650"	2.03511990214044	6.81889232450648	0.00158032340166593	0.0743185813050109
"Zm00001eb103380"	-2.05232186752008	4.82855171535788	0.00158999346518679	0.07462701226818
"Zm00001eb039960"	2.31411939511404	1.29255626996331	0.00163654180465974	0.0764618489149212
"Zm00001eb412420"	-2.14303371202533	2.65702496693015	0.00164141096277676	0.0764618489149212
"Zm00001eb344260"	-2.04489138915078	5.00888896837448	0.001643826247706	0.0764618489149212
"Zm00001eb278400"	-2.04128532257078	5.07703873665449	0.00164391754983684	0.0764618489149212
"Zm00001eb383160"	-2.03928574067467	5.21202579896439	0.00164502643596145	0.0764618489149212
"Zm00001eb110240"	-2.04805172356843	4.5047935889322	0.0016794722840871	0.0778716572039705
"Zm00001eb331240"	-2.67979132788209	0.281346419694484	0.00168626475238229	0.0778716572039705
"Zm00001eb202040"	2.03208297631372	5.3835792682777	0.00168672693891477	0.0778716572039705
"Zm00001eb127000"	2.14595655486593	2.20022080484135	0.00168834480262111	0.0778716572039705
"Zm00001eb223950"	2.02508300477333	6.16748188500884	0.00169500894246235	0.0779812169923044
"Zm00001eb276850"	-2.11668626761686	2.76125871202247	0.00169722295155032	0.0779812169923044
"Zm00001eb258740"	-2.37953326961005	1.06189420054782	0.00171050907630153	0.0784413951931471
"Zm00001eb011880"	-2.01886123536464	6.64807900145571	0.00172221449484431	0.0788274664968433
"Zm00001eb112260"	-2.04665072388187	4.46876233255198	0.00172844264325712	0.0789618444873882
"Zm00001eb257310"	-2.14953516099208	2.40465713820192	0.00176464945762761	0.0803454645909154
"Zm00001eb140400"	-2.06005154416014	3.78499049843921	0.00177071550953759	0.0803454645909154
"Zm00001eb040220"	-3.01194887151687	-0.172962867966134	0.00177212936827027	0.0803454645909154
"Zm00001eb200520"	-3.01194887151687	-0.172962867966134	0.00177212936827027	0.0803454645909154
"Zm00001eb125920"	2.00765254167407	6.47989665308688	0.00182078691697535	0.0823957611636544
"Zm00001eb296710"	2.69159437555762	-0.0389707807621933	0.00183939846187227	0.0830812292081818
"Zm00001eb013780"	2.01003715566115	5.58238329492229	0.00185792411555749	0.0837602480968625
"Zm00001eb001820"	-2.28967858502008	1.23948500433012	0.00186386612318243	0.0838704786086442
"Zm00001eb175950"	-2.08717074589313	2.78486026589862	0.0018749139704903	0.0842096192289125
"Zm00001eb327930"	2.15836789350784	1.95043229940961	0.00188294371008593	0.0844121905471045
"Zm00001eb019600"	-3.00042035313247	-0.541240370241424	0.00190035446846757	0.0847176609139894
"Zm00001eb037990"	-3.00042035313247	-0.541240370241424	0.00190035446846757	0.0847176609139894
"Zm00001eb080470"	2.93283465106464	-0.574417138079298	0.00190035446846757	0.0847176609139894
"Zm00001eb104470"	2.5784447960432	0.207424844738926	0.00192113520581643	0.085485170271431
"Zm00001eb358230"	-2.56645346021528	0.366160080673765	0.00194561721594414	0.0864142283466745
"Zm00001eb156130"	-1.99839936791209	5.86022659372772	0.0019601108140817	0.0868741950365945
"Zm00001eb384100"	-2.49476172959905	0.465003485201786	0.00196321771638735	0.0868741950365945
"Zm00001eb338960"	-2.03553260289463	3.86479440203136	0.00196967770168242	0.0869291888925061
"Zm00001eb311590"	-2.04608242089321	3.52473255919688	0.00197563120492718	0.0869291888925061
"Zm00001eb328450"	-1.9963823433936	5.9075956830876	0.00197816834054752	0.0869291888925061
"Zm00001eb088150"	2.03138417889327	3.76057790334027	0.0019789583528731	0.0869291888925061
"Zm00001eb395020"	2.1976583449027	1.37148389863668	0.00199215417503582	0.0873488587459946
"Zm00001eb077910"	-2.33188972297216	1.11179095733995	0.00199909641672753	0.0874933001072865
"Zm00001eb293200"	-2.07846140323214	2.75447107937464	0.00202003963581014	0.0879799193297646
"Zm00001eb283510"	-2.06056102827814	3.09435670471381	0.0020224951670076	0.0879799193297646
"Zm00001eb184470"	1.98154107113691	8.87140704860425	0.00202267711528681	0.0879799193297646
"Zm00001eb274080"	2.77737877513097	-0.412153562653241	0.00202488806996456	0.0879799193297646
"Zm00001eb165600"	-2.01488863631924	4.15488267309409	0.00205860358973691	0.0892830895049729
"Zm00001eb153000"	2.06532046744661	2.69511815663379	0.00207756868117491	0.0899429733741861
"Zm00001eb174600"	-2.97554913015341	-0.2024639338504	0.00210145873704669	0.0905484076855137
"Zm00001eb370000"	-2.97554913015341	-0.2024639338504	0.00210145873704669	0.0905484076855137
"Zm00001eb389670"	2.0364959262493	3.28681160990647	0.00210287954806667	0.0905484076855137
"Zm00001eb415040"	-2.13452766347518	2.11716050357749	0.00211051098672223	0.0907141496515162
"Zm00001eb238010"	-2.06402319564604	2.76637621887131	0.00211927752018096	0.090928000078748
"Zm00001eb060890"	2.12665799228923	1.99442970828244	0.00212760505555285	0.0911222850935347
"Zm00001eb354510"	1.97422504687	6.4951284118654	0.00214342631450891	0.0915049209415104
"Zm00001eb219030"	-2.83503552686506	-0.0311241061003159	0.00214824831564236	0.0915049209415104
"Zm00001eb235510"	-2.01669383923714	3.78424411185039	0.00215212533192714	0.0915049209415104
"Zm00001eb182620"	2.13126052343188	1.85575529565534	0.00215389890802096	0.0915049209415104
"Zm00001eb255480"	-2.317113463226	1.09992541086797	0.00215561542411413	0.0915049209415104
"Zm00001eb152170"	-2.70248932799185	0.097927635417463	0.00217611834734199	0.0917358332340007
"Zm00001eb320240"	-2.17083720761593	1.75620069029228	0.00217682490522102	0.0917358332340007
"Zm00001eb155720"	-2.17083720761593	1.75620069029228	0.00217682490522102	0.0917358332340007
"Zm00001eb365060"	1.975968843488	5.69857579044066	0.00218902951800373	0.0917358332340007
"Zm00001eb123070"	-2.59907792103947	0.216312511092846	0.00219173502878267	0.0917358332340007
"Zm00001eb133200"	-1.98483314941391	4.93144924070322	0.00219245145446927	0.0917358332340007
"Zm00001eb118040"	-2.18992361658417	1.66825181966533	0.00219394441671261	0.0917358332340007
"Zm00001eb286740"	1.98908654961775	4.48818308554746	0.00219847686566992	0.0917358332340007
"Zm00001eb045990"	-2.54142206275757	0.346057378054617	0.00219929688865763	0.0917358332340007
"Zm00001eb020300"	2.45766869615771	0.502512821838461	0.00220015589095068	0.0917358332340007
"Zm00001eb349510"	-2.19532249125355	1.61803776304878	0.00220312875011609	0.0917358332340007
"Zm00001eb408940"	-2.03161296017439	3.16078313079764	0.0022102911763045	0.0918745642504109
"Zm00001eb093140"	2.00741941111688	3.60252652109233	0.00222415133231349	0.0922907362529529
"Zm00001eb233250"	1.97878356499756	5.04529161573649	0.00222903904226334	0.0923338037817684
"Zm00001eb392300"	-1.97749418431642	5.32545978868568	0.00223768584196233	0.0925321676441801
"Zm00001eb410900"	1.98298906646921	4.34274946071034	0.00227614278913406	0.0938013879918583
"Zm00001eb033200"	-2.01393883305463	3.42948638866326	0.00227939315770774	0.0938013879918583
"Zm00001eb235830"	-2.23883394837735	1.27317380412804	0.00228193948224196	0.0938013879918583
"Zm00001eb040560"	1.99166041423911	4.20072187741055	0.00228402312321736	0.0938013879918583
"Zm00001eb409690"	-1.9777946343931	4.84431698626041	0.00230676862446224	0.094573570408722
"Zm00001eb057960"	2.24874636963348	1.04364846002255	0.00232543548691594	0.0951761855259249
"Zm00001eb090260"	-2.2011464639657	1.56600625780478	0.00233779989253952	0.0955192378580373
"Zm00001eb338940"	2.07933388727948	2.3668660858955	0.00234416397042387	0.0956163752834115
"Zm00001eb187390"	-2.95173666055193	-0.579683023859154	0.00235927228407648	0.0958022238734854
"Zm00001eb363530"	-2.95173666055193	-0.579683023859154	0.00235927228407648	0.0958022238734854
"Zm00001eb168350"	-1.96048807568436	5.77661092080759	0.00236070356526142	0.0958022238734854
"Zm00001eb374040"	-1.95789366551506	5.96542078671179	0.00238256890681413	0.0965163426518455
"Zm00001eb292890"	-1.9909619617225	3.87135508876866	0.00238634886559975	0.0965163426518455
"Zm00001eb290590"	-1.9479197882444	6.62940585560977	0.00243491859982812	0.0983149624550128
"Zm00001eb096950"	-2.09746442779607	2.08760932450374	0.00246195599395351	0.099239584132741
"Zm00001eb154390"	-2.06292160474163	2.396792697044	0.00248567465572221	0.0998284154966625
"Zm00001eb398180"	-2.51594867954379	0.325663312593365	0.00248905071993847	0.0998284154966625
"Zm00001eb426200"	2.49118615776536	0.280194685912384	0.00248905071993847	0.0998284154966625
"Zm00001eb091370"	-2.93820718615003	-0.232598704057563	0.00249793142526391	0.0999141751498674
"Zm00001eb360620"	2.04320920634968	2.50641220723578	0.00249952072589728	0.0999141751498674
"Zm00001eb109110"	-2.06992200333624	2.34103906485852	0.00251180512927452	0.0999881405791502
"Zm00001eb211430"	-2.67220295049788	0.0736011220162945	0.00251357857978755	0.0999881405791502
"Zm00001eb140880"	2.61382976393579	-0.101277695237033	0.00251387795068494	0.0999881405791502
