""	"logFC"	"logCPM"	"PValue"	"FDR"
"Zm00001eb160010"	8.45884385036072	3.74911725270903	2.14382570166126e-17	5.21721422756284e-13
"Zm00001eb229190"	-6.9492468359338	4.25170138160202	9.74827475706129e-16	1.18617007243922e-11
"Zm00001eb065210"	-8.33410251988898	2.62132299868756	1.51323915801659e-14	1.22753960498306e-10
"Zm00001eb357740"	-6.44561636612963	3.18186855235159	2.22284019787775e-13	1.35237597638882e-09
"Zm00001eb389190"	5.48943842568426	5.52660816431154	6.32456943345271e-13	3.0782944346501e-09
"Zm00001eb330540"	-4.70878028187445	5.23896463341645	1.32324725062915e-10	5.36709084855183e-07
"Zm00001eb274690"	4.9711149790252	3.39983365061038	1.76466753067574e-10	5.46722627966118e-07
"Zm00001eb332560"	4.79441040005199	4.0505858312969	1.797247297719e-10	5.46722627966118e-07
"Zm00001eb072870"	4.7414830969156	4.16827295404039	2.14668315056638e-10	5.8046312391315e-07
"Zm00001eb381280"	-4.71443353251863	4.12195649977734	2.9617783302252e-10	7.20778374443604e-07
"Zm00001eb088020"	-4.63228660634629	4.18667467708892	4.74579867667013e-10	9.84780792468849e-07
"Zm00001eb283460"	-5.14366966120609	2.48331571386384	4.85592106740064e-10	9.84780792468849e-07
"Zm00001eb048560"	-4.65083890272784	3.85871527210564	5.41768366094328e-10	1.01419038132858e-06
"Zm00001eb344730"	5.10140067522588	2.19356551333593	8.45269223737445e-10	1.46931941634818e-06
"Zm00001eb087960"	-4.33168796787022	7.31328966216603	1.12062212438938e-09	1.75116872020137e-06
"Zm00001eb396520"	-4.39372315595525	5.26175366405975	1.15132723221655e-09	1.75116872020137e-06
"Zm00001eb326950"	4.38171232559718	3.93938289130508	2.3833246185339e-09	3.41179928921417e-06
"Zm00001eb299760"	-4.55560842049731	2.90185225836908	2.6299997357084e-09	3.55575964267776e-06
"Zm00001eb272040"	-9.3360025654385	0.532745196061137	3.99516537266661e-09	5.11717602680077e-06
"Zm00001eb250940"	4.56428274413401	2.75270737181188	4.83606001765591e-09	5.88451782948371e-06
"Zm00001eb367810"	4.35674770465405	3.09923433769963	7.84210795248688e-09	8.93395869929331e-06
"Zm00001eb153570"	-4.95619616592619	1.73533683453608	8.07639264400283e-09	8.93395869929331e-06
"Zm00001eb171840"	4.38290634331732	2.91582107839752	9.13421880863272e-09	9.48603279522231e-06
"Zm00001eb228670"	4.05588133378769	5.75349710497366	9.35506192822713e-09	9.48603279522231e-06
"Zm00001eb164960"	-4.2725970357464	2.7103908449875	1.6543389253818e-08	1.61039968352366e-05
"Zm00001eb139500"	-4.07722613002401	3.39821827959014	2.66129190805042e-08	2.4909692259352e-05
"Zm00001eb145080"	-5.23235026436051	1.04762179411494	3.17893195616489e-08	2.86527733648995e-05
"Zm00001eb404170"	-4.10702430185619	2.8265859354309	3.69526583353642e-08	3.21171390446223e-05
"Zm00001eb187450"	3.96398339614277	3.54605380604158	4.12402227266693e-08	3.46076572509043e-05
"Zm00001eb119760"	4.29500902568275	2.29714366152747	4.54025819990536e-08	3.68305745176323e-05
"Zm00001eb367770"	3.87060545301906	4.02666589418885	5.6727438526282e-08	4.45328691605032e-05
"Zm00001eb128310"	4.50180910598175	1.41451289965415	8.78664136701946e-08	6.5088892116552e-05
"Zm00001eb204960"	-4.10821842305708	2.12300457332974	8.82615647537071e-08	6.5088892116552e-05
"Zm00001eb070270"	-4.04426976671366	2.2522316110968	1.02062365662967e-07	7.30526391404106e-05
"Zm00001eb340550"	-4.06976493641561	2.08712600487423	1.12571694070073e-07	7.827270705398e-05
"Zm00001eb087980"	-5.03618397989121	0.862263981377279	1.16232145648796e-07	7.85729304585862e-05
"Zm00001eb012570"	-5.3469068951074	0.617333839071654	1.31947446179019e-07	8.67857581138539e-05
"Zm00001eb138510"	-3.73391337661507	3.43771903182051	1.6750824763555e-07	0.00010727580827523
"Zm00001eb170770"	-3.70043890396362	3.86620396878541	1.75701994544155e-07	0.000109638044595553
"Zm00001eb113780"	-3.61730036541159	4.73832048220792	2.04196890827887e-07	0.000124233388379686
"Zm00001eb027780"	8.6846336708729	-0.0484183936397771	2.16888180130686e-07	0.000128146313539432
"Zm00001eb215860"	3.75154916901492	3.06686548008028	2.23440143674236e-07	0.000128146313539432
"Zm00001eb048370"	3.68458825844762	3.6701756333937	2.2642552112901e-07	0.000128146313539432
"Zm00001eb135430"	-4.69492786383201	0.930580693938275	2.57549176884931e-07	0.000141285439531833
"Zm00001eb356600"	-4.42341496566091	1.23231678027628	2.61252661856201e-07	0.000141285439531833
"Zm00001eb149500"	-4.13081606272302	1.67047370921152	3.10313839954469e-07	0.000164169513241999
"Zm00001eb067380"	-3.59905520847528	3.72559894957745	3.44151171382508e-07	0.000178197083122654
"Zm00001eb019880"	-4.84379806319902	0.682019699402723	3.69900579419356e-07	0.000187539593765614
"Zm00001eb106430"	-3.48426288320371	5.64354548275738	3.94427080897774e-07	0.000195893417157719
"Zm00001eb168980"	-3.82584930688259	2.04965137246455	4.15781535477224e-07	0.000202369188947475
"Zm00001eb165030"	3.60910229026562	3.42188768837698	4.2963178885577e-07	0.000205010180658706
"Zm00001eb163440"	-4.25149651868246	1.28546448359706	4.44525444452548e-07	0.000208037908003793
"Zm00001eb322810"	-4.79140742288373	0.633226306090036	5.0389693776909e-07	0.000231374261840539
"Zm00001eb362750"	-3.52378561773105	3.8776554766076	5.25419580738937e-07	0.000236789091053014
"Zm00001eb217970"	-3.43046576116144	5.59428777352013	5.5902533950125e-07	0.00024735346658368
"Zm00001eb123400"	-3.66797453291248	2.47937463331498	6.15778769931285e-07	0.000267599859732995
"Zm00001eb350770"	3.56641834039956	2.94077151747395	6.94721552020312e-07	0.000296609538420462
"Zm00001eb168100"	-3.40076151763975	4.38817413978911	8.4019061125291e-07	0.000352532391645704
"Zm00001eb356910"	-3.34318777162864	6.85052466844143	8.68240380435397e-07	0.000358127083021624
"Zm00001eb208380"	-8.44482992437392	-0.308567137579864	8.90803863592082e-07	0.000360809588503315
"Zm00001eb161610"	-4.13329379922592	1.17601447821636	9.04396157901966e-07	0.000360809588503315
"Zm00001eb150500"	-4.47761995098136	0.728520401994488	9.38958840980316e-07	0.000368556489582209
"Zm00001eb172450"	3.32832301960039	6.73575558778478	9.57754867765302e-07	0.000369967023205339
"Zm00001eb334540"	-3.7082310928793	1.85048284738719	9.83069055417922e-07	0.000371023322539419
"Zm00001eb365220"	-4.32322984862347	0.88894011656011	9.90981096526227e-07	0.000371023322539419
"Zm00001eb388510"	-3.35377413265569	4.71865515990628	1.03691164284734e-06	0.000382337602126257
"Zm00001eb413120"	-3.38916429036295	3.92834045930716	1.05718967438767e-06	0.000383597538526223
"Zm00001eb320890"	-3.31004826629183	6.80870882383903	1.07185374012916e-06	0.000383597538526223
"Zm00001eb336580"	-3.3959809165339	3.60978304813968	1.23800593445687e-06	0.00043663931044844
"Zm00001eb112260"	-3.35548257395384	3.9858521255402	1.28976018143866e-06	0.000448394339649876
"Zm00001eb401100"	-4.16767599499233	0.995190819284588	1.31013670547551e-06	0.000449063195273973
"Zm00001eb055380"	-3.44567470220704	2.96837565566253	1.47391170796609e-06	0.000498182157292539
"Zm00001eb022810"	-4.39133019126443	0.648941718179766	1.5490825767769e-06	0.000516417446417023
"Zm00001eb383440"	-8.33823316670761	-0.406766526486291	1.59093212995904e-06	0.000523201679928151
"Zm00001eb258790"	3.27539346977834	4.96306622211483	1.69203366587065e-06	0.000549031083901708
"Zm00001eb155430"	3.41635867586281	2.84684698862293	1.7171621113079e-06	0.000549853383431434
"Zm00001eb381920"	-3.65771419340624	1.60303652266407	1.76165690548701e-06	0.000556775096778337
"Zm00001eb397030"	8.27978038327186	-0.418614064984194	1.94368869979474e-06	0.00060643087433596
"Zm00001eb415720"	3.73679181954668	1.41646176848519	1.99403832297561e-06	0.000614264767442207
"Zm00001eb126130"	3.47818171710953	2.40887712075143	2.02649251962666e-06	0.000616459024470429
"Zm00001eb000660"	-3.20942201237643	5.9639871954802	2.1388831239597e-06	0.00064261555190967
"Zm00001eb065120"	-3.19950968075941	4.9801916296322	2.61251911369593e-06	0.00076856409538835
"Zm00001eb198620"	-3.29788188368539	3.13136519897793	2.62125328390997e-06	0.00076856409538835
"Zm00001eb325290"	-4.14789305562767	0.727815929749393	2.7441312742601e-06	0.000793403323488567
"Zm00001eb106410"	-3.54328602878326	1.70033590043108	2.77117367260553e-06	0.000793403323488567
"Zm00001eb042070"	-3.94963197903627	1.00740387073573	2.876707248519e-06	0.00081129950305095
"Zm00001eb011820"	-3.2015129914486	4.51790853316818	2.90035571850068e-06	0.00081129950305095
"Zm00001eb231110"	3.2966487824995	2.89710326119066	3.17831006273856e-06	0.000878947200986428
"Zm00001eb360460"	-4.07845329161598	0.664484021512833	4.07101437670542e-06	0.0011131708524888
"Zm00001eb148070"	3.12424915506653	4.39906392886209	4.60833199419105e-06	0.00124609297122926
"Zm00001eb014050"	-3.07502030313298	6.41183538122633	4.72835638739547e-06	0.00126449759388633
"Zm00001eb201580"	-3.29123304860597	2.45451517307752	4.91144672039369e-06	0.00129918442812501
"Zm00001eb423100"	-3.27001741829386	2.48214478600502	5.43279133074331e-06	0.00142163881532225
"Zm00001eb251990"	-8.09803534062153	-0.625596601487786	5.60779443897139e-06	0.00143830114104603
"Zm00001eb081770"	-3.58350500939698	1.4235531665206	5.6452514635958e-06	0.00143830114104603
"Zm00001eb359320"	3.24482480935592	2.56150233716028	5.67377175955043e-06	0.00143830114104603
"Zm00001eb088000"	-5.35027794686675	-0.24767970733189	6.19511142403199e-06	0.00155427042902312
"Zm00001eb068310"	-3.62658093779678	1.20807596488741	6.6136205695966e-06	0.0016423374508337
"Zm00001eb293570"	3.0715578234848	4.04958758106615	6.77659625000759e-06	0.00166581056909277
"Zm00001eb275270"	-8.05380575245827	-0.665492872190776	7.02033711881304e-06	0.00170846924123434
"Zm00001eb187130"	-3.3669258101795	1.54164190840408	7.73919722042722e-06	0.0018608398244298
"Zm00001eb346880"	-3.19265386987193	2.54445888763323	7.79937796235368e-06	0.0018608398244298
"Zm00001eb019830"	-2.9959402111596	6.13512848329103	7.89740939609474e-06	0.00186593548605206
"Zm00001eb020450"	3.7526445370416	0.731263851573809	8.60459511065391e-06	0.00201347525589301
"Zm00001eb353230"	-3.04167877129398	3.66937131628858	9.11207656622596e-06	0.00211191900300643
"Zm00001eb054710"	-3.13019739400885	2.75577051497478	9.83916300561522e-06	0.00225892331042124
"Zm00001eb196870"	-3.1203971263425	2.81505234623677	9.93743314320489e-06	0.00226016236423397
"Zm00001eb007740"	-4.07437707878305	0.360281195482705	1.02606941206855e-05	0.0023120764085278
"Zm00001eb272110"	-5.24624457339705	-0.341688161186367	1.07234137986386e-05	0.00239417429544651
"Zm00001eb019930"	-3.05415278491518	3.05508181828334	1.10500010570775e-05	0.00242418408736347
"Zm00001eb341630"	2.92888249707945	7.11555955759236	1.10570526667219e-05	0.00242418408736347
"Zm00001eb159180"	2.96600296689465	4.42622870555783	1.20763889475771e-05	0.0026240267984664
"Zm00001eb162570"	-3.2308199680386	1.75305321533509	1.25048613011747e-05	0.00269057611618677
"Zm00001eb306070"	-2.96630659119476	3.99803664082737	1.26037835817428e-05	0.00269057611618677
"Zm00001eb032280"	-3.08264397588065	2.74790810634574	1.28083463043928e-05	0.00271046883185829
"Zm00001eb332200"	5.10229442685829	-0.353941018791643	1.29547330582378e-05	0.00271781365263168
"Zm00001eb301270"	3.24118141517986	1.86747472533335	1.31472014275172e-05	0.00273461789692357
"Zm00001eb391230"	2.91227783181381	4.72456082430324	1.53189414870883e-05	0.00315515916510875
"Zm00001eb179680"	-2.95185301890088	3.67481756010294	1.54283341817859e-05	0.00315515916510875
"Zm00001eb103310"	3.09845166591282	2.23610627498986	1.67358217036335e-05	0.00338497616898385
"Zm00001eb331530"	-3.98292219677127	0.278164936817069	1.68302973556478e-05	0.00338497616898385
"Zm00001eb281850"	3.00950604504348	2.88224099288725	1.74690607768376e-05	0.0034672309301594
"Zm00001eb073310"	-3.13604182843403	1.87608307429645	1.75242194448392e-05	0.0034672309301594
"Zm00001eb353600"	3.5343280424293	0.746463327071154	1.82720359329214e-05	0.00358603440696431
"Zm00001eb332050"	-2.8384561917408	8.54401508096394	1.86519420787991e-05	0.00363130929943725
"Zm00001eb271530"	2.89829968512864	4.00900013506933	1.97709766855395e-05	0.00381862292554992
"Zm00001eb005570"	-3.38867915711847	1.12751184044885	2.03559536363962e-05	0.00390064950941211
"Zm00001eb212460"	2.96868594507204	2.64292671197746	2.1861609694957e-05	0.0041564385432537
"Zm00001eb408540"	-4.1252467792522	0.0259962698712238	2.29891610824715e-05	0.00433693196979091
"Zm00001eb422120"	-5.0947243599516	-0.477293184241083	2.33004387588291e-05	0.00436184213565281
"Zm00001eb307600"	-4.46829514118074	-0.189276027265429	2.38686849854121e-05	0.00441170096365993
"Zm00001eb106390"	-3.17726907366849	1.37333818354194	2.39293444774454e-05	0.00441170096365993
"Zm00001eb078740"	-2.89969107325999	3.02303223366283	2.70036615094048e-05	0.00487324405469863
"Zm00001eb150050"	-2.77959787533329	7.01898646668903	2.70174841426085e-05	0.00487324405469863
"Zm00001eb267480"	-3.1401606907557	1.43115240303828	2.70335284099406e-05	0.00487324405469863
"Zm00001eb235510"	2.81314196393984	4.57831657126902	2.81529393524155e-05	0.00503772008882634
"Zm00001eb295610"	-2.82269740059313	4.16021839216271	2.90499205536445e-05	0.00516028369776272
"Zm00001eb336410"	-2.87445381504491	3.18891950342398	2.94699111190125e-05	0.00519695476081369
"Zm00001eb250730"	-3.118321256993	1.41197292840196	3.05009884101802e-05	0.00530476127702832
"Zm00001eb428290"	-2.89079628686313	2.79905962170979	3.05171999829046e-05	0.00530476127702832
"Zm00001eb098220"	2.77641314504316	5.03372647505878	3.2118666188398e-05	0.00554354510894223
"Zm00001eb380990"	2.87745935054725	2.9724323093535	3.27171355740272e-05	0.0056070719107713
"Zm00001eb313510"	-2.82421531559385	3.3500577122355	3.35602627495196e-05	0.00571134653337279
"Zm00001eb287790"	-2.93853977101526	2.36104903915999	3.47333193035623e-05	0.00583087467051195
"Zm00001eb316870"	-2.7811634211023	4.3077745271116	3.47418157143423e-05	0.00583087467051195
"Zm00001eb275420"	2.83144916585167	3.25066715683672	3.51299315581189e-05	0.00584056398850582
"Zm00001eb116230"	-2.73206979303689	7.78756585558398	3.52795408575919e-05	0.00584056398850582
"Zm00001eb221490"	-2.97089384906503	2.02076631292102	3.55899997814795e-05	0.00585215023433841
"Zm00001eb283990"	2.74791525654548	5.24738110236744	3.65274719411594e-05	0.00596599031651044
"Zm00001eb018040"	-2.85107289440716	2.84928795596402	3.68289397378855e-05	0.00597512718307455
"Zm00001eb101660"	-2.97917292385703	1.86124441989092	3.88969492794521e-05	0.00626884872625659
"Zm00001eb344160"	-2.84550574549428	2.70004764301755	4.06921748692519e-05	0.00651503136590865
"Zm00001eb384750"	2.83230183059872	2.96027491719465	4.18456622859727e-05	0.00657305884530698
"Zm00001eb369560"	2.72120576637281	5.65522206167966	4.1869445022672e-05	0.00657305884530698
"Zm00001eb081100"	3.93895740677502	-0.0206206076669582	4.19848582342508e-05	0.00657305884530698
"Zm00001eb223210"	-3.34963418518892	0.815216258037829	4.21349925981217e-05	0.00657305884530698
"Zm00001eb242760"	2.73710890774638	4.44124075215323	4.28615896363131e-05	0.00661755399445919
"Zm00001eb212520"	-3.04249899705126	1.43066504409381	4.29640668608051e-05	0.00661755399445919
"Zm00001eb107560"	-2.74908699341705	4.04064068370198	4.45239210960604e-05	0.00681468014964608
"Zm00001eb383830"	-2.68819109892518	6.98985710620512	4.61674018515984e-05	0.00698721811911949
"Zm00001eb135130"	-2.76040117649722	3.66347213833255	4.62254321654437e-05	0.00698721811911949
"Zm00001eb155660"	2.77016454377798	3.51198727420908	4.67307267522279e-05	0.00701999361877912
"Zm00001eb104190"	-2.80362969696182	2.7231590525911	4.96350995798998e-05	0.00737230810856143
"Zm00001eb237960"	-2.68022477877813	6.70674282906681	4.96818922503318e-05	0.00737230810856143
"Zm00001eb354270"	-3.2990796002278	0.770807320245053	5.50949847717695e-05	0.00812600939033807
"Zm00001eb326420"	2.68005665087448	4.9807400998654	5.58598692146471e-05	0.00818919142896175
"Zm00001eb233760"	-2.67694990432389	4.63843009974533	5.83468896265824e-05	0.00845585098898609
"Zm00001eb325410"	-2.780366107478	2.64352569267398	5.83737247760381e-05	0.00845585098898609
"Zm00001eb355980"	-2.75665237220257	2.87324741035453	6.14569544216906e-05	0.00884980143672344
"Zm00001eb040070"	-2.86704149286299	1.98188550378199	6.38350472744662e-05	0.00909345405337128
"Zm00001eb384740"	-2.64620540563074	5.43496103247173	6.38963117655526e-05	0.00909345405337128
"Zm00001eb039750"	-2.96396307696585	1.36237711065366	6.57030472580524e-05	0.00929621719809281
"Zm00001eb303250"	-4.25741499265255	-0.375556014583903	6.92572012938006e-05	0.00968645546371225
"Zm00001eb197170"	-4.25741499265255	-0.375556014583903	6.92572012938006e-05	0.00968645546371225
"Zm00001eb359850"	2.6266277551342	5.72101861975557	7.09267112925299e-05	0.00986327112008576
"Zm00001eb032850"	-3.45952872835811	0.358605297103982	7.30262766511165e-05	0.0100404941727772
"Zm00001eb392630"	3.35996447372777	0.386764728807486	7.30262766511165e-05	0.0100404941727772
"Zm00001eb207130"	-3.30320621012636	0.612869411776487	7.79385260943271e-05	0.0105726985575649
"Zm00001eb085240"	-2.72703835571223	2.59751128102105	7.81357550868923e-05	0.0105726985575649
"Zm00001eb294520"	-2.82899772232293	1.94897139480602	7.84497339367783e-05	0.0105726985575649
"Zm00001eb031100"	-2.82413363002339	1.99449171120224	7.86348799687397e-05	0.0105726985575649
"Zm00001eb301260"	2.59936638161973	6.46884742271471	7.95940499768152e-05	0.010642861539757
"Zm00001eb368740"	-3.43648967608968	0.338492026857583	8.2183766314014e-05	0.0109224338520455
"Zm00001eb099130"	-3.11124869934179	1.00434305026526	8.25825044697724e-05	0.0109224338520455
"Zm00001eb371350"	4.74601570064857	-0.665151570363013	8.33812789729967e-05	0.0109322229769957
"Zm00001eb395670"	4.11034502806263	-0.384237133112919	8.3554958650608e-05	0.0109322229769957
"Zm00001eb413850"	-2.61536790395931	4.54920827976324	8.59600787473038e-05	0.0110982296908863
"Zm00001eb262550"	-3.28387225621488	0.596010196789033	8.61918725993392e-05	0.0110982296908863
"Zm00001eb417160"	3.17098905199766	0.611057299091203	8.61918725993392e-05	0.0110982296908863
"Zm00001eb340160"	-2.8737388925555	1.51258776843901	8.97831035546012e-05	0.0114560422382304
"Zm00001eb401390"	3.43424193830912	0.208424905574188	8.99122315705953e-05	0.0114560422382304
"Zm00001eb156820"	-2.59242198651595	4.61504795015309	9.47477852082066e-05	0.0120092817751402
"Zm00001eb429330"	-2.5775996912569	5.00951471549918	9.85311324829965e-05	0.0124241121249026
"Zm00001eb079730"	-2.54903661046834	7.50719442277888	0.000101567903607851	0.0127410128979415
"Zm00001eb071880"	-2.75332883549232	2.11678458983818	0.000102304635523014	0.0127676185132721
"Zm00001eb100200"	-2.58088640639561	4.33180731879942	0.000104328290902989	0.0129286473259338
"Zm00001eb297490"	-4.78394526057907	-0.750008565920432	0.000104657442603918	0.0129286473259338
"Zm00001eb082310"	-3.63791990013035	-0.0261344719123241	0.00011520905925291	0.0141602407372668
"Zm00001eb047120"	2.84221068067387	1.59142776015551	0.000116294122853692	0.0142217777576253
"Zm00001eb324090"	-2.53477009671164	5.75196538707414	0.000118929073916293	0.0144125785938634
"Zm00001eb049040"	-2.82054433663355	1.46685614646312	0.000119038802488763	0.0144125785938634
"Zm00001eb023220"	2.60622716127437	3.35328019093398	0.000119931639919298	0.0144487940053269
"Zm00001eb197370"	2.52747125979	5.78584225358292	0.000122054008507667	0.0146320509903576
"Zm00001eb433540"	-2.54668035934262	4.27733041636015	0.000125958222058258	0.0150260749608322
"Zm00001eb023570"	2.51718234915993	5.43671823040933	0.00013254566661725	0.0156764163584965
"Zm00001eb336480"	-2.9059213909828	0.938294169573002	0.000132698133212125	0.0156764163584965
"Zm00001eb126620"	3.48039091373756	-0.0444824808632805	0.000133928027934372	0.0157452777188932
"Zm00001eb361760"	2.51075421215756	5.46680385663978	0.000136455217688941	0.0159652604696061
"Zm00001eb126170"	-3.07883280467481	0.724291405407177	0.000138202794932531	0.0160923598922396
"Zm00001eb171130"	-2.6641362217872	2.31381627171623	0.000144751865669308	0.0167746733472775
"Zm00001eb378280"	-2.48509721160836	7.43081892453336	0.000145562168557647	0.0167886300190469
"Zm00001eb385450"	-2.72850295892653	1.75782633257228	0.000147533177854255	0.0169356953597224
"Zm00001eb285920"	-2.59644811299201	2.78597293843515	0.000148930467621769	0.0170158303288421
"Zm00001eb335390"	2.97715460109025	0.748533391820165	0.000151497482954569	0.0172254374630516
"Zm00001eb248370"	-2.69936376912659	1.88739575008234	0.000152824187443443	0.0172254374630516
"Zm00001eb228500"	-2.64825585403083	2.40321921506466	0.000152888498192766	0.0172254374630516
"Zm00001eb073030"	2.53834023393033	3.7381819988143	0.000153922543678421	0.0172620231472721
"Zm00001eb316830"	-2.98854992610298	0.898214265864762	0.000156107030306949	0.0174267004107794
"Zm00001eb017400"	-2.47435322939619	5.80896346505031	0.000163332466574115	0.0181500406691674
"Zm00001eb429440"	2.50375210207131	4.10811748872728	0.000168650452432343	0.0185829503816838
"Zm00001eb155720"	2.54095914114646	3.1273552835379	0.000168755425474693	0.0185829503816838
"Zm00001eb116010"	-2.45245449891961	8.74056245136228	0.000172510282299415	0.0188394085595087
"Zm00001eb019280"	2.87058719918413	1.21525278736547	0.000172632647467556	0.0188394085595087
"Zm00001eb106380"	-2.62394763307841	2.34900775228067	0.000175439110618049	0.0190602062321466
"Zm00001eb342740"	2.58813680523391	2.38606322135173	0.000177987212178004	0.0192510968691729
"Zm00001eb213720"	-3.54505207724022	-0.106417393195061	0.000182073849750841	0.0195172626998779
"Zm00001eb226680"	-3.04236273789324	0.692916691121521	0.000182445068469259	0.0195172626998779
"Zm00001eb418810"	-4.05457456739886	-0.551350104619729	0.00018285403910142	0.0195172626998779
"Zm00001eb002910"	3.62497242336127	-0.290939174649419	0.000185129194958108	0.0196738169803516
"Zm00001eb264170"	-2.54807980862038	2.8855970372682	0.000186422990742783	0.0197251734900711
"Zm00001eb238620"	-2.71771136910597	1.44766888553046	0.00019468403584212	0.0204842069743649
"Zm00001eb052520"	-2.46914212036626	4.40253961325488	0.000195517857207204	0.0204842069743649
"Zm00001eb009340"	-2.4891935955121	3.62466510197696	0.000196121804118467	0.0204842069743649
"Zm00001eb414530"	-2.48096793562442	3.57840178084147	0.000203791863969685	0.0211943538528473
"Zm00001eb071050"	-2.63577967528103	1.92775742299184	0.000204719455999612	0.021200224175347
"Zm00001eb139830"	-2.64118969652189	1.837928868116	0.000206899446388084	0.0213178874988075
"Zm00001eb098190"	-2.80002000700736	0.950990339561604	0.000207607632199925	0.0213178874988075
"Zm00001eb026440"	3.07568886031566	0.350018965185606	0.000209598231968835	0.0214318595512335
"Zm00001eb336020"	-2.53218242803973	2.62944521233778	0.000216011397321983	0.0219952023649697
"Zm00001eb397980"	-2.43520596372773	4.61997252914755	0.00022003134899708	0.0223111787883039
"Zm00001eb123000"	-2.50926994698422	2.93946800150712	0.000227669715725191	0.0229899178501588
"Zm00001eb078340"	-2.4066153702976	6.42643651589761	0.000230418943171584	0.0231133699249052
"Zm00001eb104130"	-2.60304369059449	2.03096940482995	0.000230791785492766	0.0231133699249052
"Zm00001eb277770"	-2.71091258392966	1.2257868072417	0.000231785143756455	0.0231177182723651
"Zm00001eb138650"	-2.44242607823363	4.03667204256019	0.000234407386177891	0.0232838291837761
"Zm00001eb209940"	-2.74350473486679	1.08889224380802	0.000237268254866528	0.0234721961399668
"Zm00001eb025720"	-2.69787069815961	1.21477009208705	0.00024758752790405	0.0243938869598095
"Zm00001eb421690"	2.39885790233688	5.40702124361911	0.000255667517630002	0.0250884060848538
"Zm00001eb340760"	-3.12242393808168	0.275557019677514	0.000266051973970921	0.0260025736488206
"Zm00001eb388800"	2.65791783445168	1.56805780353467	0.000269907126671389	0.0262738393386997
"Zm00001eb343900"	-2.37624598137662	5.55909683468731	0.000283149282611517	0.027453071480613
"Zm00001eb253650"	-3.44579244730827	-0.191387489835567	0.000293195963031188	0.0279812429659882
"Zm00001eb428240"	-3.44579244730827	-0.191387489835567	0.000293195963031188	0.0279812429659882
"Zm00001eb240460"	-3.44579244730827	-0.191387489835567	0.000293195963031188	0.0279812429659882
"Zm00001eb353720"	3.32554349790913	-0.175574909378853	0.000293195963031188	0.0279812429659882
"Zm00001eb008920"	-2.37054001022824	5.36871976724117	0.000296395990466672	0.028176143843738
"Zm00001eb311160"	2.80691959175442	0.734738545299457	0.000300652292805335	0.0283747253353989
"Zm00001eb236640"	-2.52827642298978	2.23376657856587	0.000300816861297375	0.0283747253353989
"Zm00001eb056340"	2.36657379677924	4.94814327672608	0.000309847227727346	0.0291136761929447
"Zm00001eb091110"	3.19602204558381	0.00572943194781247	0.000313630127276407	0.0293557799130717
"Zm00001eb063420"	-2.45719888709656	2.71676504783757	0.000315124671974155	0.0293826590695902
"Zm00001eb016870"	3.51570545713232	-0.383116546001799	0.000317778420200153	0.0295170062366065
"Zm00001eb124960"	-2.37024774900104	4.48139159836523	0.000322881622477852	0.02987698541681
"Zm00001eb189510"	2.3518150495317	5.4200001073687	0.000325342225779847	0.0299906379037059
"Zm00001eb041010"	3.07584032152341	0.144907843341212	0.00032846562125337	0.0301599449561964
"Zm00001eb340640"	-2.88794538560205	0.692200485599821	0.000329657518012337	0.0301599449561964
"Zm00001eb406950"	2.34026703241682	5.42861222595172	0.000345579046606284	0.0314981710794402
"Zm00001eb245520"	-2.39909459117706	3.23220698496244	0.00034861475808886	0.0316563013166063
"Zm00001eb242480"	-2.54069185216059	1.80113633223076	0.000354610499512251	0.0319317998755064
"Zm00001eb049790"	-2.35771522027831	4.25586385061683	0.000355324115755928	0.0319317998755064
"Zm00001eb054420"	2.43577676122451	2.72591836562696	0.000355585049566989	0.0319317998755064
"Zm00001eb371220"	2.79687409049865	0.596591010349775	0.000358211303313051	0.0320493760199501
"Zm00001eb284560"	-2.81886678966669	0.753612782804099	0.000364397238516069	0.0324834109762896
"Zm00001eb415840"	-3.12682314776878	0.0725545763116434	0.000375739299646232	0.0333722321028858
"Zm00001eb189450"	-2.36548496297341	3.52085825569044	0.00037912325175028	0.0335503398348902
"Zm00001eb337950"	-2.6864516673962	0.75291770747532	0.000397995823853044	0.0349695912939675
"Zm00001eb245380"	2.73079627321323	1.00163704995488	0.000398034877894026	0.0349695912939675
"Zm00001eb162710"	2.31513627430901	4.55857071063053	0.00042175489384162	0.0369202413544232
"Zm00001eb221650"	2.50175295799756	1.77527218242007	0.000424339045290247	0.0370133154343493
"Zm00001eb313700"	-2.30138723983846	5.05997923519428	0.000436541592320929	0.0379417006811505
"Zm00001eb404120"	-2.54759308063933	1.36981397477908	0.000443148483839914	0.0383788665577514
"Zm00001eb167090"	2.41857215240821	2.20903993020993	0.000449779702281462	0.0388150313288002
"Zm00001eb022710"	-2.27135192554026	9.86185416894047	0.000459136681140668	0.039400508010015
"Zm00001eb119800"	-2.37617804472012	2.82794470649521	0.000461736955919119	0.039400508010015
"Zm00001eb214550"	3.43797434009507	-0.448046612177671	0.000462206971074658	0.039400508010015
"Zm00001eb096400"	-2.60902390748042	0.976045974700726	0.00046338772310599	0.039400508010015
"Zm00001eb332100"	-2.48696094623662	1.75620573705426	0.000464659179769654	0.039400508010015
"Zm00001eb269490"	-2.30039317593094	4.44963884032072	0.000468978507825956	0.0394295996117702
"Zm00001eb051970"	2.57566961859277	1.36610398416126	0.000470144844471706	0.0394295996117702
"Zm00001eb016350"	-2.28092318558023	5.59818545898213	0.000471094373114645	0.0394295996117702
"Zm00001eb288680"	-2.6342408993482	0.811842519428423	0.00047148313145238	0.0394295996117702
"Zm00001eb296630"	-3.33919568964197	-0.281624007492577	0.000481781685120697	0.0401528735927989
"Zm00001eb427620"	2.4102242934666	2.16631246373515	0.000484490107609258	0.0402407892791089
"Zm00001eb429290"	3.07605091068572	-0.0944824451386559	0.000490857550815161	0.0406309842062509
"Zm00001eb213670"	-2.28320336079828	4.54854105915957	0.000501158200296185	0.0412523331180356
"Zm00001eb165460"	2.26613131249056	5.74735313880602	0.00050175421609708	0.0412523331180356
"Zm00001eb373510"	2.7166293312253	0.887835293591208	0.000506668142752959	0.0415160805455758
"Zm00001eb429870"	-2.29665061854031	3.95230420441576	0.000511700337722022	0.0417877161704803
"Zm00001eb069320"	-2.30650453220884	3.41924714338901	0.000515796748102887	0.0419813701064611
"Zm00001eb427310"	-2.32628734705081	2.96431075932404	0.000526987986220029	0.0427492654421688
"Zm00001eb316290"	-2.3222978208795	2.96101042109871	0.000537685369982107	0.0432702222289446
"Zm00001eb362380"	-2.26853285114381	4.52427038084217	0.000538397199967309	0.0432702222289446
"Zm00001eb401630"	-2.43849062946225	1.85070143308604	0.000539116321384198	0.0432702222289446
"Zm00001eb103520"	-2.57735711537184	0.949731353890011	0.000540522171170248	0.0432702222289446
"Zm00001eb414900"	-2.86169391783217	0.395545035335893	0.000544518711752741	0.043313388372802
"Zm00001eb379570"	-2.49251729256936	1.44622029437313	0.000546097416508427	0.043313388372802
"Zm00001eb163240"	-2.27607420926669	4.21867278295023	0.000547694755326677	0.043313388372802
"Zm00001eb318080"	-2.34202547153588	2.82046800009084	0.000548180622075239	0.043313388372802
"Zm00001eb397970"	-2.96522883033707	0.142813038922721	0.000560864775402625	0.0440441118012764
"Zm00001eb278150"	-2.49914378645541	1.32952238556484	0.000562397140428991	0.0440441118012764
"Zm00001eb133440"	-2.54604355346471	1.0877201758804	0.000562858266362465	0.0440441118012764
"Zm00001eb150790"	-2.3670325793671	2.19965453633498	0.000565378944171267	0.0440995576453588
"Zm00001eb095360"	2.23998046806535	6.1310934153754	0.000569194640282928	0.0441824835836842
"Zm00001eb146510"	-2.27574043400859	3.8882190963271	0.000570073136311507	0.0441824835836842
"Zm00001eb408430"	-2.80176045886379	0.488948908520579	0.000594422627144318	0.0456839858983148
"Zm00001eb075660"	-2.30016876142055	3.1009370553864	0.000594996310242024	0.0456839858983148
"Zm00001eb355990"	-2.23339031862253	5.86992727364736	0.000595078218678739	0.0456839858983148
"Zm00001eb298560"	-2.32316980341031	2.71954161474463	0.000618152626689302	0.0473061708273926
"Zm00001eb002510"	-2.25077093251619	4.11206419118569	0.000622321994102365	0.0474759499952199
"Zm00001eb359070"	2.85752382691111	0.167600009326548	0.000638068027018783	0.0485250734547784
"Zm00001eb333330"	-2.2282970823526	4.8554949700682	0.000646796022764217	0.0489027550279249
"Zm00001eb004650"	2.34486489636873	2.40633979934963	0.000647152264371318	0.0489027550279249
"Zm00001eb009940"	-2.27836179732027	3.25535996192311	0.000649062700280233	0.0489027550279249
"Zm00001eb090980"	-2.24003810540693	4.21148582712762	0.000659844097402397	0.0494893162268123
"Zm00001eb431970"	3.68456449561224	-0.743316894843704	0.000660915013712771	0.0494893162268123
"Zm00001eb374040"	-2.22407757160843	4.7591258174739	0.000673443895258433	0.050272793358924
"Zm00001eb067860"	-2.59227320367783	0.674805696262418	0.000685182440295613	0.050992660143835
"Zm00001eb344420"	2.48299607322423	1.35719355263426	0.000699907824346052	0.0517719052075548
"Zm00001eb268980"	-2.44764520569746	1.34929870555174	0.000699907824346052	0.0517719052075548
"Zm00001eb369970"	-2.7299454543734	0.559403876064896	0.000707375445401639	0.0521657237554373
"Zm00001eb151750"	-2.22751105423812	4.20861817934846	0.000709630280245929	0.052173904834033
"Zm00001eb040790"	-2.48306392473836	1.11108416917474	0.000727977249297547	0.0533616094545335
"Zm00001eb309340"	-2.35601200704134	2.09021268403753	0.000740355031753474	0.054105946104362
"Zm00001eb134560"	-2.2787252953057	2.80907335329049	0.00075065609943552	0.0545427401855643
"Zm00001eb370290"	-2.19045371161398	5.60308732474702	0.000750814347557694	0.0545427401855643
"Zm00001eb280930"	-2.18533518106516	5.65040844224717	0.000765999476067677	0.0554802477666161
"Zm00001eb224430"	-2.17128268887357	8.28285009845387	0.000780245274959148	0.0562935095948936
"Zm00001eb041520"	-3.09825110787191	-0.192443366092799	0.000781854299929078	0.0562935095948936
"Zm00001eb404560"	-2.17160807391862	7.22825765243195	0.000786227238919585	0.0563648265551326
"Zm00001eb096870"	-2.19627530355675	4.50689784682409	0.000787477031095705	0.0563648265551326
"Zm00001eb097950"	2.22536624291768	3.32501774472181	0.000808965893799948	0.0571533439480486
"Zm00001eb250400"	3.11470576052268	-0.350617799002435	0.000809124869227524	0.0571533439480486
"Zm00001eb299280"	3.11470576052268	-0.350617799002435	0.000809124869227524	0.0571533439480486
"Zm00001eb002280"	3.11470576052268	-0.350617799002435	0.000809124869227524	0.0571533439480486
"Zm00001eb222730"	2.18310666404781	4.91947399931955	0.000810236015042602	0.0571533439480486
"Zm00001eb283860"	2.2254717011592	3.43733893854248	0.000824379540035881	0.0579829493824081
"Zm00001eb425050"	3.31291211091351	-0.551334963007958	0.000830008951679897	0.0582106566227147
"Zm00001eb278400"	-2.164791667767	6.23649838682432	0.000833606852191354	0.0582949895256575
"Zm00001eb266160"	-2.18781084044139	4.33719197073179	0.000841744579004551	0.0586954042253718
"Zm00001eb017350"	-2.18272750278922	4.48988239532193	0.000846996656848079	0.0588089963306376
"Zm00001eb168350"	-2.16123608213898	6.40533361094299	0.000848206677845734	0.0588089963306376
"Zm00001eb040350"	-2.17521504386307	4.87679468865933	0.000857437386526619	0.0591373432415874
"Zm00001eb214880"	-2.68758549923323	0.524218197610063	0.000862846166101798	0.0591373432415874
"Zm00001eb249520"	2.58200597061502	0.548437587111944	0.000862846166101798	0.0591373432415874
"Zm00001eb100940"	-2.41023353092022	1.25620104569408	0.000863374495421015	0.0591373432415874
"Zm00001eb184470"	2.15142574036788	8.07219313336195	0.000865802199536664	0.0591373432415874
"Zm00001eb276800"	-2.45595924842894	1.01342635964314	0.000867522663430584	0.0591373432415874
"Zm00001eb349940"	-2.71173279870448	0.414061524659488	0.00090567532442996	0.061176225370764
"Zm00001eb260820"	-2.48189383047125	0.781653218854638	0.000905722750868333	0.061176225370764
"Zm00001eb061940"	-2.53266636804725	0.625840305325671	0.000907542008106464	0.061176225370764
"Zm00001eb179050"	-2.15257292437813	5.68362999993223	0.000911969818677751	0.061176225370764
"Zm00001eb141720"	-2.30207384297288	2.11350303082299	0.000914761727947357	0.061176225370764
"Zm00001eb060950"	2.24944146544302	2.57202332889803	0.000915051863497659	0.061176225370764
"Zm00001eb373660"	2.94519092453678	-0.202252469851739	0.000916859937623953	0.061176225370764
"Zm00001eb259000"	-2.19548865500897	3.49245799485967	0.000917542827922784	0.061176225370764
"Zm00001eb147530"	-2.17177456256382	4.10245988915692	0.000941067566009027	0.0624897858995333
"Zm00001eb141120"	2.13559901407685	7.55212593730835	0.000943112658703043	0.0624897858995333
"Zm00001eb029960"	-2.18819243848227	3.55650152207771	0.000947224346724009	0.0624897858995333
"Zm00001eb053550"	-2.85003041107987	0.0470741364295717	0.000947515244778426	0.0624897858995333
"Zm00001eb251520"	-2.40990813975566	1.19081801844344	0.000953165395122229	0.0625150029287602
"Zm00001eb296510"	-2.30384838947257	2.04732776719699	0.000954757976229747	0.0625150029287602
"Zm00001eb250990"	-2.74063385409205	0.294826090742658	0.000955604088161522	0.0625150029287602
"Zm00001eb396960"	2.38638268765689	1.40462689119866	0.000989362875689088	0.0643773661571381
"Zm00001eb042020"	-2.36417902063454	1.39782689033764	0.000989362875689088	0.0643773661571381
"Zm00001eb178900"	-2.51223729421985	0.609144985852663	0.00099812855633023	0.0646022780501396
"Zm00001eb184940"	-2.51223729421985	0.609144985852663	0.00099812855633023	0.0646022780501396
"Zm00001eb129480"	2.21503169986501	2.64039710555767	0.00105059225833761	0.0676443965488979
"Zm00001eb231200"	2.51195169380387	0.915043639653777	0.00105346919345958	0.0676443965488979
"Zm00001eb124110"	-2.42507547282394	0.908700241927453	0.00105346919345958	0.0676443965488979
"Zm00001eb298190"	-2.13587357544323	4.44574468592495	0.00107308982822329	0.0687229317358998
"Zm00001eb146380"	-3.02631878999352	-0.25200007776339	0.00107747581301766	0.0688227070488129
"Zm00001eb326840"	-2.21566958949848	2.49316517238054	0.00110995550354229	0.0707117202466106
"Zm00001eb027960"	2.21398173790754	2.51798712509563	0.00111876207267799	0.0710866678869231
"Zm00001eb159020"	-2.11277417125811	5.35760334393981	0.001129836619541	0.0716033957634106
"Zm00001eb334620"	-2.26939496129956	1.98412738058041	0.00113642237911826	0.071825784803431
"Zm00001eb046910"	2.49620659724028	0.902141802771371	0.00113924855909453	0.071825784803431
"Zm00001eb380860"	-2.11943616885324	4.61704152104856	0.00114941038283154	0.0722671353162625
"Zm00001eb146970"	2.2994593074696	1.65804033844757	0.00115666409483557	0.0722671353162625
"Zm00001eb337190"	-3.14191171541563	-0.445670478087536	0.00115812716852985	0.0722671353162625
"Zm00001eb393460"	-3.14191171541563	-0.445670478087536	0.00115812716852985	0.0722671353162625
"Zm00001eb124880"	-2.90979801785018	-0.108460141865752	0.00116787826635437	0.072689221202046
"Zm00001eb323310"	-2.1357819724532	3.80192989138991	0.00117140893716896	0.0727229793238363
"Zm00001eb267200"	-2.13227197408709	3.66223807060609	0.00119110983633545	0.0737578854378108
"Zm00001eb400520"	3.22307702546825	-0.624592442019168	0.00124694327688701	0.0770193187470109
"Zm00001eb418610"	-2.30788063624628	1.40704298387728	0.00126113802483909	0.0775651703481975
"Zm00001eb184970"	-2.34319474429647	1.20146284484326	0.00126215513880203	0.0775651703481975
"Zm00001eb330820"	-2.26545205308528	1.79176003795154	0.00126809840266523	0.0777341126631263
"Zm00001eb214820"	-2.0937001194551	4.92367770854271	0.00128057960700255	0.078301973155814
"Zm00001eb311430"	-2.11515928204109	3.78522477891841	0.00129449121755088	0.0789542312539305
"Zm00001eb314130"	-2.09984959795509	4.14838637805169	0.00130390204235406	0.079329400256821
"Zm00001eb398830"	-2.08954650581179	4.93282134410418	0.00131081371671534	0.07955102895258
"Zm00001eb015340"	-2.14137435587307	3.02022072769516	0.001326252850281	0.0802877844886525
"Zm00001eb080610"	-2.26048949439286	1.66107884670431	0.00134846875437442	0.0814301131673842
"Zm00001eb154420"	2.07392588634415	5.03289746151541	0.00140131664895358	0.0844119850716197
"Zm00001eb163580"	-2.37120391215397	0.780967961987313	0.00142181604769297	0.0854353465102617
"Zm00001eb392600"	-2.78878742415698	-0.00326445582777194	0.00142588783539233	0.0854689811874577
"Zm00001eb121700"	-2.12224685137735	2.97223955171566	0.00145003561636318	0.0867028667317303
"Zm00001eb285970"	-2.17578201313872	2.10656190993155	0.00146990723171602	0.0874822344332672
"Zm00001eb266800"	-2.04786551655329	7.39753578633618	0.00147025944621985	0.0874822344332672
"Zm00001eb241960"	2.24129701258681	1.65846630249705	0.00148186618953814	0.0878796474702809
"Zm00001eb334460"	-2.09989392385146	3.43859846023328	0.0014841607129473	0.0878796474702809
"Zm00001eb344870"	-2.95061087639684	-0.31409488185059	0.00149789868468426	0.0884778213361074
"Zm00001eb239330"	-2.63589469286442	0.208909099732023	0.0015280772903467	0.0898243694151625
"Zm00001eb074910"	2.55181802502568	0.253294989761506	0.0015280772903467	0.0898243694151625
"Zm00001eb133860"	-3.26297582349511	-0.710322767107254	0.00153652557394255	0.090103340644496
"Zm00001eb307340"	-2.03557804501433	6.94212266009685	0.00157129860517609	0.09181881984405
"Zm00001eb260590"	-2.0747142649132	3.70520591873327	0.00157680070451121	0.09181881984405
"Zm00001eb200060"	2.05243437526136	4.8690307024309	0.00157709840133189	0.09181881984405
"Zm00001eb378380"	-2.32636762069451	0.908057349214483	0.00158328292238131	0.0919588859166385
"Zm00001eb256520"	-2.12921621901763	2.64653278039816	0.00162108144936752	0.0939030478394123
"Zm00001eb068510"	-2.40551338606655	0.522665888277395	0.0016244733374586	0.0939030478394123
"Zm00001eb100130"	-2.13424469295407	2.45119554413091	0.00163511815517372	0.0940017394430513
"Zm00001eb045990"	-2.75716258818975	-0.0291015951798104	0.00163904524742443	0.0940017394430513
"Zm00001eb348270"	-2.21286340842878	1.70817118028737	0.00164229124280449	0.0940017394430513
"Zm00001eb167660"	-2.06636119509179	3.64949165892598	0.00164636828926751	0.0940017394430513
"Zm00001eb297590"	2.30033158586734	1.20807229631551	0.00164688049562946	0.0940017394430513
"Zm00001eb120450"	2.11302299000623	2.85201622022756	0.00164935662155584	0.0940017394430513
"Zm00001eb292780"	-2.18745789472231	1.91766882978119	0.00167270389821734	0.0944147573551497
"Zm00001eb107100"	-2.247060453633	1.35781843098709	0.00167289147779767	0.0944147573551497
"Zm00001eb384360"	-3.05476827539262	-0.51683274283252	0.00167600160985473	0.0944147573551497
"Zm00001eb288900"	-3.05476827539262	-0.51683274283252	0.00167600160985473	0.0944147573551497
"Zm00001eb091180"	2.95481574667229	-0.480491918212447	0.00167600160985473	0.0944147573551497
"Zm00001eb196560"	2.05558623330594	4.15103765693773	0.00168614059891787	0.0945551590183767
"Zm00001eb427650"	2.5872182037697	0.124616182900505	0.00168626475238229	0.0945551590183767
"Zm00001eb426520"	-2.23213508288845	1.49934055420707	0.00169319410271022	0.0947254521461055
"Zm00001eb058940"	-2.04460272437574	4.14639760665753	0.00171543505580438	0.0957496043992096
"Zm00001eb319460"	2.08836081500954	2.99380252109101	0.00173208144245436	0.0964575148365433
"Zm00001eb124950"	-2.04717290242946	3.88086204730491	0.00174507078601018	0.0969590014802369
"Zm00001eb285360"	-2.00990562100091	8.04106614017404	0.00176570564638535	0.0978820332811703
"Zm00001eb342280"	2.80126638252283	-0.318818979770398	0.00177212936827027	0.0980148643323304
"Zm00001eb239020"	-2.06166621894579	3.43117365946427	0.00178571132673475	0.0983940210177785
"Zm00001eb054040"	-2.00617452314227	8.65028270328126	0.00179293325403843	0.0983940210177785
"Zm00001eb113080"	-2.38318741560532	0.504735439202809	0.00179486461151303	0.0983940210177785
"Zm00001eb401330"	-2.19325072978253	1.69236397206851	0.00179850636868211	0.0983940210177785
"Zm00001eb376890"	-2.05019003164043	3.84065500336941	0.00179920033501444	0.0983940210177785
"Zm00001eb414810"	2.1619262872438	2.10155858213319	0.00181714494854902	0.0989307370646283
"Zm00001eb167950"	2.1619262872438	2.10155858213319	0.00181714494854902	0.0989307370646283
"Zm00001eb264140"	-2.33378795097519	0.750831627498537	0.00183316659708586	0.0992541041421809
"Zm00001eb122700"	2.05038224653328	3.67323748102807	0.00183750516577215	0.0992541041421809
"Zm00001eb059500"	-2.80576464438049	-0.193499338279254	0.00183939846187227	0.0992541041421809
"Zm00001eb260690"	2.68784353924186	-0.173502273064821	0.00183939846187227	0.0992541041421809
