""	"logFC"	"logCPM"	"PValue"	"FDR"
"Zm00001eb356910"	5.91213694873531	7.71678570690216	1.31398443691579e-14	3.18260170465374e-10
"Zm00001eb187130"	10.8398602062017	2.01712038193102	1.32692874729322e-13	1.60697705940946e-09
"Zm00001eb006310"	5.66809916463862	4.68840428780514	4.45143450812736e-13	3.59393984071176e-09
"Zm00001eb221790"	6.93563548238583	2.0766461325528	6.23511514101372e-12	3.77551809576233e-08
"Zm00001eb069320"	-4.95603848564861	4.87057409229093	3.33338806332683e-11	1.54693250948457e-07
"Zm00001eb027960"	5.29841376881315	2.9680945726019	3.83204453032799e-11	1.54693250948457e-07
"Zm00001eb141540"	-5.24790346811366	2.98240154969274	7.72308643671602e-11	2.67229823690998e-07
"Zm00001eb056970"	-9.83517650230937	1.09491748884651	1.37875770421103e-10	3.86750714057793e-07
"Zm00001eb201580"	5.31650207467781	2.57661790781037	1.43708204719877e-10	3.86750714057793e-07
"Zm00001eb382310"	-6.80237327003598	1.37243467311848	2.22117981572908e-10	5.3799196316774e-07
"Zm00001eb113780"	5.19091918733513	2.6040910246907	2.52079657388582e-10	5.55056489237167e-07
"Zm00001eb069310"	-4.63918280822801	4.53475142243047	3.32790179283769e-10	6.71709244369347e-07
"Zm00001eb414390"	-4.68929340306773	4.13937791948991	3.62465361353806e-10	6.75328732103887e-07
"Zm00001eb031210"	4.52482000485051	5.30636942582591	4.29731655376321e-10	7.43466458919277e-07
"Zm00001eb032280"	-4.70521909727585	3.7008713323896	5.31564048985455e-10	8.58334188698447e-07
"Zm00001eb122110"	4.42169938090163	4.94786241936233	1.02189629893305e-09	1.54306028823152e-06
"Zm00001eb027780"	-5.31519825565047	2.08320452612711	1.08302815325279e-09	1.54306028823152e-06
"Zm00001eb011820"	4.37512868673053	5.1909637956064	1.25003112531169e-09	1.68205577145414e-06
"Zm00001eb381280"	-5.01184858955151	2.25958471980023	1.73344142176845e-09	2.20977287771861e-06
"Zm00001eb009940"	-6.0116781820843	1.51045159325227	2.06083144226411e-09	2.49576991815395e-06
"Zm00001eb100220"	-4.87703177951708	2.31729179136941	2.46402425075574e-09	2.84195863702642e-06
"Zm00001eb340550"	-4.53199935172645	3.27746032141018	2.92930445631897e-09	3.22503105620463e-06
"Zm00001eb384740"	-4.17551760154261	5.61580778163354	4.49942227090829e-09	4.73828290537695e-06
"Zm00001eb139830"	4.50574110235592	2.61325974588152	5.79907739643465e-09	5.85247723412682e-06
"Zm00001eb287790"	-4.23236586165369	3.94399262707263	7.52016534437866e-09	7.25400130035534e-06
"Zm00001eb433640"	4.20270088891591	3.98731687368858	7.78679797734358e-09	7.25400130035534e-06
"Zm00001eb164960"	-4.1949962636474	3.33186053785185	1.46289414003439e-08	1.31232440613974e-05
"Zm00001eb332100"	-4.41477117716762	2.19341315623174	2.36343369352243e-08	2.0444545532431e-05
"Zm00001eb320970"	4.18142017142867	2.62394721288332	3.74953835805051e-08	3.13164029552901e-05
"Zm00001eb068470"	4.16179883368021	2.6054174913558	4.21789925009746e-08	3.32908437722619e-05
"Zm00001eb293270"	-5.98891549932231	0.609467610169794	4.34049347701175e-08	3.32908437722619e-05
"Zm00001eb313920"	-4.75342356166654	1.55491226786653	4.39827835643608e-08	3.32908437722619e-05
"Zm00001eb291720"	-8.85942580920694	0.181705232665472	7.19220704765432e-08	5.27886202731016e-05
"Zm00001eb161610"	4.35484054945243	1.80138135770067	7.46109208054429e-08	5.31515033184892e-05
"Zm00001eb161390"	-5.01472540379461	1.1112828460295	1.2055781492039e-07	8.34294524339077e-05
"Zm00001eb004670"	-8.76652346624153	0.0964789114188193	1.33327978878776e-07	8.89689736448852e-05
"Zm00001eb000380"	-3.65133384336121	5.76644986137304	1.35909005609213e-07	8.89689736448852e-05
"Zm00001eb225440"	-3.69732477230979	3.85576740302373	1.89779231902316e-07	0.000120717245875489
"Zm00001eb135130"	3.67544950446584	3.81963273057129	1.95116228268246e-07	0.000120717245875489
"Zm00001eb253580"	-3.61992309750998	4.9082911515442	1.99359639776209e-07	0.000120717245875489
"Zm00001eb200910"	-5.73623496059295	0.377309291306187	2.14185701586624e-07	0.000126531509222674
"Zm00001eb277660"	-4.0877296076662	2.02290426201818	2.52335624833792e-07	0.000145519551645221
"Zm00001eb068480"	4.24566147096721	1.38383464981839	2.77341321658848e-07	0.000156220561672069
"Zm00001eb412390"	4.59615317258713	0.751218709059419	3.02410054418975e-07	0.000166469862001864
"Zm00001eb402150"	-3.75798864065382	2.69048288977602	3.90941697680733e-07	0.000210422196878334
"Zm00001eb365220"	-4.26638271250859	1.35345242592607	4.44525444452548e-07	0.000229095228582727
"Zm00001eb170080"	-3.76643949727194	2.41599088189114	4.44551246578926e-07	0.000229095228582727
"Zm00001eb180830"	-3.72798305309231	2.38091314839493	5.6399251760647e-07	0.000284592974353048
"Zm00001eb425130"	3.45971238793467	4.02933805338401	6.67342389106941e-07	0.00032987142870529
"Zm00001eb109440"	3.40705938498563	4.74046515356976	7.40577059742494e-07	0.000358750339280459
"Zm00001eb188120"	-4.46604756992263	0.989710211240815	8.31321575476695e-07	0.000391301598937295
"Zm00001eb314330"	-4.84964794380105	0.432920976183228	8.40084354268583e-07	0.000391301598937295
"Zm00001eb410710"	-3.53132570826203	3.0132749014177	9.36759793526747e-07	0.000428099225641723
"Zm00001eb370870"	3.4964524732704	2.97926508650087	1.07079760996784e-06	0.000479300886830671
"Zm00001eb164390"	-3.44002164739681	3.41453993693012	1.08837573905648e-06	0.000479300886830671
"Zm00001eb032560"	-4.40024264958237	0.929865923514168	1.1846012606259e-06	0.000512361198814639
"Zm00001eb255510"	-3.5919934571052	2.47378369318804	1.27410340099715e-06	0.000541404534658807
"Zm00001eb268600"	-3.51866001570956	2.65286076960534	1.34096141595127e-06	0.000559990111306134
"Zm00001eb186620"	-8.32026862119706	-0.307694272752067	1.59093212995904e-06	0.000642232785328965
"Zm00001eb238440"	-8.32026862119706	-0.307694272752067	1.59093212995904e-06	0.000642232785328965
"Zm00001eb275400"	3.30060721562882	3.54201743570896	2.1823729748736e-06	0.000866545177449403
"Zm00001eb319590"	3.20879650926963	5.46654959825775	2.29257094561316e-06	0.000895618723769296
"Zm00001eb106380"	-4.12603089440133	0.979914951929353	2.37112225158025e-06	0.00089735862586758
"Zm00001eb238270"	-4.12603089440133	0.979914951929353	2.37112225158025e-06	0.00089735862586758
"Zm00001eb377390"	-4.64360491847974	0.247971628284438	2.77191916336219e-06	0.00103290237008916
"Zm00001eb323370"	-8.21871923358922	-0.398335598821015	2.93388468189368e-06	0.00107669122545677
"Zm00001eb008070"	-3.50133431549799	2.01134715446047	3.13940111002031e-06	0.00113491692963884
"Zm00001eb158260"	-4.03129463368396	0.894771433013741	4.04669200727177e-06	0.00144139598688426
"Zm00001eb325410"	-3.12717052535226	4.7760087831732	4.27409126186952e-06	0.00149689627243616
"Zm00001eb100020"	3.10300312961778	5.6209296990615	4.32611118742131e-06	0.00149689627243616
"Zm00001eb011990"	8.16462931348409	-0.583867534550073	4.49953466842366e-06	0.00153497505920971
"Zm00001eb220710"	3.69100520458384	1.1835093195312	4.82422464377891e-06	0.00160651068555055
"Zm00001eb325680"	-3.60758543215409	1.58698455322231	4.84188431712935e-06	0.00160651068555055
"Zm00001eb166200"	-8.07114404194577	-0.529075818551521	5.60779443897139e-06	0.00183549174468008
"Zm00001eb035600"	-4.52838255011253	0.14554150962733	5.70937771953641e-06	0.00184382450326522
"Zm00001eb304180"	3.4603217987516	1.44817690490986	6.00325693018931e-06	0.00191322218560678
"Zm00001eb071250"	-3.20988306783425	2.96758369675478	6.10474668286572e-06	0.00192029960267131
"Zm00001eb034240"	-5.13279091263935	-0.165225408550276	6.19511142403199e-06	0.0019237409461728
"Zm00001eb248470"	-4.47958717769839	0.102391361954225	6.63508039969364e-06	0.00203428205520227
"Zm00001eb391230"	-3.34891385932976	1.95985706540863	6.76183000777935e-06	0.0020472285577303
"Zm00001eb256520"	3.26841115819293	2.15530581008057	6.85408885360979e-06	0.00204954180399114
"Zm00001eb344420"	3.3900885565832	1.5738333315797	7.31456696844154e-06	0.00216056251881247
"Zm00001eb214550"	3.24476661961819	2.07807468275812	8.02170188269385e-06	0.00234088724458708
"Zm00001eb149460"	-2.98072125051275	6.72106823591574	8.3945084936812e-06	0.00241254462273455
"Zm00001eb011940"	-3.31498857533191	1.92976872084497	8.46646682351828e-06	0.00241254462273455
"Zm00001eb344810"	4.01218556851587	0.212753748857288	8.60459055452789e-06	0.00242327333684229
"Zm00001eb240340"	-3.50936740465891	1.49940171107581	8.70949777341158e-06	0.00242327333684229
"Zm00001eb187190"	-7.99128019567645	-0.599316532944911	8.8297023556205e-06	0.00242327333684229
"Zm00001eb167980"	-5.07157029395473	-0.219188821604073	8.90431142310244e-06	0.00242327333684229
"Zm00001eb103490"	3.01088592021717	4.23608644701394	9.53038227801758e-06	0.00256483765728738
"Zm00001eb185110"	-4.27106640520595	0.43548072645721	1.02606941206855e-05	0.00273103595930905
"Zm00001eb169020"	-3.22510632691032	2.21049093788345	1.06769419273442e-05	0.00276310431507262
"Zm00001eb202270"	-5.03995738557534	-0.246967831979459	1.07234137986386e-05	0.00276310431507262
"Zm00001eb158480"	-5.03995738557534	-0.246967831979459	1.07234137986386e-05	0.00276310431507262
"Zm00001eb042070"	-3.36881438914759	1.60518304267134	1.20138084237498e-05	0.00304516408538092
"Zm00001eb377410"	-3.02348915335795	3.45144913866277	1.20695162130617e-05	0.00304516408538092
"Zm00001eb118450"	-3.36015670849334	1.59753466291311	1.27065902394607e-05	0.00315758334776186
"Zm00001eb309340"	-3.82083135362295	0.70743743064423	1.27964344376284e-05	0.00315758334776186
"Zm00001eb366200"	-3.06362932112968	2.94567314926051	1.29208815477898e-05	0.00315758334776186
"Zm00001eb283480"	3.16015475227899	2.00241380649195	1.31466732598152e-05	0.00315758334776186
"Zm00001eb101660"	-3.0159844553227	3.26823780144107	1.31669178862949e-05	0.00315758334776186
"Zm00001eb352370"	3.24234957280926	1.82740134999272	1.34568409241421e-05	0.00319547200023182
"Zm00001eb068650"	-3.03865428135891	2.99120247769461	1.37728162426111e-05	0.0032387512836144
"Zm00001eb396520"	2.91885819717847	4.56626119275307	1.46123445079707e-05	0.00340313073391883
"Zm00001eb357070"	-2.93663888380274	4.14678755137163	1.56529908656297e-05	0.00358772303999397
"Zm00001eb262550"	-4.97457431377336	-0.304229963086114	1.57011949233872e-05	0.00358772303999397
"Zm00001eb037600"	-3.07412067060448	2.41615697812715	1.61003884437492e-05	0.00364455615416869
"Zm00001eb175950"	-3.27994001647142	1.62928417625802	1.62729745591416e-05	0.00364951589626822
"Zm00001eb248930"	-2.9000097865849	4.38038532016011	1.78362906029061e-05	0.00396342013479806
"Zm00001eb214680"	-7.8625286144997	-0.711750699433683	1.81022360948942e-05	0.00398594782231302
"Zm00001eb428800"	-2.98228333137517	2.97428823572072	1.84223671353392e-05	0.0040198932827482
"Zm00001eb156820"	-3.02295486189356	2.6450123817276	1.899697429497e-05	0.00408764164404789
"Zm00001eb170590"	-2.94110548001439	3.4025498031614	1.9070373055506e-05	0.00408764164404789
"Zm00001eb374990"	-3.01873440941533	2.59916481869756	2.05917335389532e-05	0.00437502086006128
"Zm00001eb092230"	2.84831392318907	4.41843827173028	2.25755646466338e-05	0.00475480653309668
"Zm00001eb200120"	-4.90608682622517	-0.363926705795454	2.33004387588291e-05	0.00486517178601379
"Zm00001eb264510"	-4.2660105412059	-0.084785599812438	2.38686849854121e-05	0.00494122580368945
"Zm00001eb260800"	-3.40648065313842	0.974009294225774	2.50921076061777e-05	0.00515047405363754
"Zm00001eb338750"	-3.17261226248695	1.63068230600807	2.54016736595246e-05	0.00517020115720458
"Zm00001eb103680"	-3.70284070593615	0.603583255459058	2.65437302593743e-05	0.00535763075510254
"Zm00001eb016090"	3.16262246411403	1.37061240192944	2.71305781237488e-05	0.00542236878307485
"Zm00001eb220760"	-3.39282359240788	0.962090107456974	2.73122080647014e-05	0.00542236878307485
"Zm00001eb313700"	-2.81136192754466	4.71254020506224	2.82861498346606e-05	0.0055700718304497
"Zm00001eb039280"	-7.7698324137403	-0.792053409475946	3.00218604782106e-05	0.0058172758611419
"Zm00001eb027390"	-7.7698324137403	-0.792053409475946	3.00218604782106e-05	0.0058172758611419
"Zm00001eb023220"	-3.27898100481827	1.02264389648508	3.48115980072655e-05	0.00663785899959975
"Zm00001eb237550"	-4.83418536609312	-0.426275955476942	3.50788964926621e-05	0.00663785899959975
"Zm00001eb131350"	-4.79684460806643	-0.458521584655409	3.50788964926621e-05	0.00663785899959975
"Zm00001eb258840"	-3.35105914686955	0.925719621250985	3.53569635033417e-05	0.0066386125039879
"Zm00001eb069040"	-2.79783893101059	3.90979960156941	3.63087882224673e-05	0.00673196986282169
"Zm00001eb263140"	-3.51367976399954	0.680821671640479	3.64100595363379e-05	0.00673196986282169
"Zm00001eb199340"	-4.03936207641473	0.230873445862106	3.69044743308489e-05	0.00677169146035979
"Zm00001eb260830"	-2.83686853414762	3.26415091411218	3.72920266559082e-05	0.00679135471904325
"Zm00001eb295010"	2.73399423218551	5.87841772846938	3.79274498294142e-05	0.0068555280770018
"Zm00001eb197310"	-3.10228217699331	1.56941878140235	3.95867618806351e-05	0.00710245155193233
"Zm00001eb107100"	-3.15522546828907	1.41797079723903	4.14757171489043e-05	0.00735047394932088
"Zm00001eb254440"	-2.87116093403393	2.74238093810624	4.17391822078035e-05	0.00735047394932088
"Zm00001eb155120"	-2.81069440088132	3.1416171550622	4.18795840389035e-05	0.00735047394932088
"Zm00001eb423940"	3.61763178805644	0.160806563180888	4.229243575911e-05	0.00736953299655686
"Zm00001eb382790"	-4.75851163458171	-0.491526242943364	4.3288626637593e-05	0.00748924161277957
"Zm00001eb106430"	-2.7013776117796	6.85736493275541	4.36794300527072e-05	0.00750325869011788
"Zm00001eb342740"	2.77660681486962	3.51666377184521	4.4805254556993e-05	0.00764245120158399
"Zm00001eb316870"	-2.69729943949103	5.84631245697611	4.67184198494952e-05	0.00791305487534702
"Zm00001eb268690"	-3.74730458241266	0.348796485905043	4.74107944617287e-05	0.0079745614767884
"Zm00001eb339510"	-4.11444887681039	-0.215833677451092	4.80150124971305e-05	0.00802049391512412
"Zm00001eb348940"	-3.99292294055002	0.190260907854681	4.85466968679934e-05	0.00805376400575115
"Zm00001eb170830"	-2.75385530682723	3.59005920589834	5.03260916106213e-05	0.00829216506735277
"Zm00001eb160410"	-3.36055153263832	0.754136381062852	5.25531319989745e-05	0.00854288194729639
"Zm00001eb150670"	3.30341827173683	0.688459569776591	5.25531319989745e-05	0.00854288194729639
"Zm00001eb025790"	-3.14427170105798	1.2984670388516	5.5522359972757e-05	0.00886565527418874
"Zm00001eb165120"	-3.96913050691425	0.169507204812494	5.58195772949806e-05	0.00886565527418874
"Zm00001eb386040"	-3.96913050691425	0.169507204812494	5.58195772949806e-05	0.00886565527418874
"Zm00001eb251520"	-2.73034468930272	3.70914674170998	5.60028593761974e-05	0.00886565527418874
"Zm00001eb317010"	4.38135647638799	-0.361878913631221	5.75811182502218e-05	0.00904841137938869
"Zm00001eb371530"	-2.71470062689834	3.93951785159787	5.79044533175858e-05	0.00904841137938869
"Zm00001eb146840"	2.79417130967242	2.48853808403991	5.91338342504582e-05	0.00918128589346378
"Zm00001eb383680"	-2.80836136190715	2.53922713177022	5.95701425188366e-05	0.00919011733725314
"Zm00001eb376890"	2.70043332436066	3.86059220503936	6.18955112622142e-05	0.00948842517900057
"Zm00001eb360750"	2.64877947808101	5.68274654247272	6.27496562775696e-05	0.00955886430628311
"Zm00001eb100930"	-3.31171814353798	0.711948688307362	6.38920182034946e-05	0.00967205358066777
"Zm00001eb295650"	2.67114448201913	4.21030841500824	6.56733721086608e-05	0.0098799673654899
"Zm00001eb023420"	-2.64294251245111	5.5495997222404	6.6393701332725e-05	0.0099017269080318
"Zm00001eb221090"	2.81031287018258	2.25454498500753	6.66356255319427e-05	0.0099017269080318
"Zm00001eb391360"	-2.92841915207074	1.67178054400072	6.88411701302352e-05	0.0101670852544172
"Zm00001eb397970"	-2.74382603815166	2.83036713721247	6.97451874095473e-05	0.0101996179292573
"Zm00001eb279680"	-3.02903164292524	1.41082382671517	6.99036611311137e-05	0.0101996179292573
"Zm00001eb154070"	2.7619508232378	2.67219339253992	7.04372935457651e-05	0.0102159382453412
"Zm00001eb347840"	-3.37305442128325	0.559052934489091	7.58179331837965e-05	0.0109308699978853
"Zm00001eb342280"	-2.69452345449953	3.21188004592222	7.80047805542673e-05	0.0111224640706234
"Zm00001eb242480"	2.97894564336837	1.20944107898494	7.80652694771468e-05	0.0111224640706234
"Zm00001eb216880"	2.59109620133303	6.8560057588687	8.086316350602e-05	0.0114252055083009
"Zm00001eb112690"	-2.66372899661309	3.66836984227246	8.11335348428125e-05	0.0114252055083009
"Zm00001eb162710"	-3.49541154646221	0.423213555598557	8.2183766314014e-05	0.0115062023346343
"Zm00001eb050970"	-2.64187415147521	4.02343757277946	8.29246186641134e-05	0.0115432022336982
"Zm00001eb350070"	-4.01522842705021	-0.300765992692924	8.3554958650608e-05	0.0115644837341507
"Zm00001eb388380"	-3.8698314386091	0.0832923477799194	8.57472091529776e-05	0.0118004724596265
"Zm00001eb298120"	3.20121891852935	0.598844692294496	9.54031651288041e-05	0.0130551415965241
"Zm00001eb235950"	-3.84390075204557	0.0608876297404295	9.9298528371094e-05	0.0135118519981813
"Zm00001eb250050"	-2.61837507466954	3.84274977980098	0.000101280607035368	0.0136691248116522
"Zm00001eb284350"	2.59079453820574	4.22154256640292	0.000101583025725503	0.0136691248116522
"Zm00001eb019930"	-2.68128119925713	2.71389120973447	0.000103507406804415	0.0137766734636386
"Zm00001eb119580"	-3.43325081435173	0.369742085648533	0.000104471539373241	0.0137766734636386
"Zm00001eb189220"	-4.59410246753154	-0.631914878200315	0.000104657442603918	0.0137766734636386
"Zm00001eb348070"	-4.59410246753154	-0.631914878200315	0.000104657442603918	0.0137766734636386
"Zm00001eb032580"	-2.86787430392292	1.54071267744115	0.000106251738204839	0.0139109370327536
"Zm00001eb318570"	2.56196170104369	5.05437047483581	0.000108158876826029	0.0140844954602325
"Zm00001eb408350"	-2.72996997965901	2.11852026765039	0.00011531556435908	0.0149361405579748
"Zm00001eb378280"	-2.52393233984371	6.76801065181836	0.00011898877527965	0.0153299315215341
"Zm00001eb431200"	-2.54104861345877	5.04144607182134	0.000120381377839225	0.0154272875801263
"Zm00001eb306010"	2.51971228397489	6.37824445590311	0.000124896942391902	0.0159217307456541
"Zm00001eb057010"	-3.10526140100053	0.714202364355085	0.000128122599251402	0.0162474213427655
"Zm00001eb306660"	-4.54989620713564	-0.669326643087406	0.000131977474002037	0.0165094750897836
"Zm00001eb134540"	-4.54989620713564	-0.669326643087406	0.000131977474002037	0.0165094750897836
"Zm00001eb151760"	-2.91282521259697	1.31122625851705	0.000132378855119495	0.0165094750897836
"Zm00001eb426520"	-2.70966556462822	2.24412532772784	0.000132915554374626	0.0165094750897836
"Zm00001eb214420"	2.50873682683265	5.82466934461842	0.000135850228956698	0.0167878999773479
"Zm00001eb085150"	-2.68162843963255	2.30820167614385	0.000138981790221831	0.017087705284076
"Zm00001eb418610"	-2.6239325796709	2.69690079011652	0.000139736072449469	0.0170936737919121
"Zm00001eb031880"	-2.71667295052951	2.15642958355169	0.000141302817225265	0.0171984700302168
"Zm00001eb058930"	2.67165424538108	1.97170326702485	0.000144102273844594	0.0174515058739495
"Zm00001eb145580"	2.48516598292438	6.81376985068859	0.000146957948116235	0.017672637691739
"Zm00001eb241920"	-2.50799049905182	4.92221309002314	0.000149512797273305	0.017672637691739
"Zm00001eb154180"	-3.90867685732817	-0.391174525101129	0.000149576430651356	0.017672637691739
"Zm00001eb018270"	-3.87133609930148	-0.422654764942496	0.000149576430651356	0.017672637691739
"Zm00001eb139730"	-3.87133609930148	-0.422654764942496	0.000149576430651356	0.017672637691739
"Zm00001eb344260"	-2.5011305361572	5.07091268133246	0.000152863518367407	0.0179481311407779
"Zm00001eb166680"	-2.82763154815311	1.42268057838708	0.000153390163335164	0.0179481311407779
"Zm00001eb218930"	-2.84668463808151	1.34988743643169	0.000157217843780209	0.0182816373936076
"Zm00001eb310220"	-2.60282576479454	2.7995843797495	0.000157749977922629	0.0182816373936076
"Zm00001eb036470"	2.61550954891134	2.4292688773684	0.000162434585167872	0.0187148886940924
"Zm00001eb007740"	-2.81737329509783	1.41397766008104	0.000163033793586289	0.0187148886940924
"Zm00001eb325280"	-3.3459706990425	0.295138442090632	0.000171439793632964	0.0195869964225662
"Zm00001eb391140"	-2.74908745747204	1.73288230883739	0.000173975814144373	0.0197834187530087
"Zm00001eb133100"	-3.49329588716369	0.129986290376663	0.000177033188855632	0.0198884602056778
"Zm00001eb323630"	3.24350647993235	0.0810159358398383	0.000177033188855632	0.0198884602056778
"Zm00001eb318080"	-2.96601636090521	1.02650908524536	0.000177362924917485	0.0198884602056778
"Zm00001eb215860"	2.50832451795171	3.64771308689608	0.00017927602117332	0.020010343358705
"Zm00001eb042530"	-3.83300312581677	-0.45485870580936	0.00018285403910142	0.0202114712934335
"Zm00001eb028610"	3.61278462672358	-0.515097922597316	0.00018285403910142	0.0202114712934335
"Zm00001eb152300"	-2.49402312497497	3.93517158875796	0.000184540661866308	0.0202114712934335
"Zm00001eb027690"	-2.92031002582508	1.10633815876802	0.000184643196802539	0.0202114712934335
"Zm00001eb317110"	-2.61517014706978	2.45060835065328	0.000185969421049083	0.0202114712934335
"Zm00001eb379570"	-2.49132660476258	4.02833162809503	0.000186084723935249	0.0202114712934335
"Zm00001eb346800"	-2.53853386556861	3.18945814110574	0.000188049557791966	0.0203336979432107
"Zm00001eb016950"	-2.91544666168	0.854268066324814	0.000191693376037887	0.0206355789378384
"Zm00001eb157820"	-2.43861075192579	6.28947669630801	0.000196885159541063	0.0211006878285136
"Zm00001eb394280"	-3.09795909678167	0.529356090184885	0.000199289821243764	0.0212643117195824
"Zm00001eb212520"	-2.49989188920188	3.4271396481843	0.000200624374020647	0.0213128200138337
"Zm00001eb203420"	-3.46782305583287	0.108299528389348	0.000203711930404206	0.0215463173201759
"Zm00001eb415520"	-2.93883031058462	1.00341984470725	0.000207607632199925	0.0218628889544104
"Zm00001eb338790"	3.00840070930345	0.577762892454773	0.000210531970752526	0.0220472521651725
"Zm00001eb261620"	-4.45720000637625	-0.747290892184034	0.000212999339690779	0.0220472521651725
"Zm00001eb020570"	-4.45720000637625	-0.747290892184034	0.000212999339690779	0.0220472521651725
"Zm00001eb311720"	-4.45720000637625	-0.747290892184034	0.000212999339690779	0.0220472521651725
"Zm00001eb095050"	4.11921596725449	-0.591873711783353	0.000224336957667494	0.0230240061511203
"Zm00001eb026260"	4.11921596725449	-0.591873711783353	0.000224336957667494	0.0230240061511203
"Zm00001eb403360"	-2.51240564867534	2.96240376681234	0.0002311224110787	0.0236203203322244
"Zm00001eb147750"	-2.43547994879673	4.41639779793768	0.000235310551703448	0.0238174571535758
"Zm00001eb235510"	-2.44203024106159	4.24020274233297	0.000235904265967494	0.0238174571535758
"Zm00001eb392430"	-3.15415992591436	0.372380809593048	0.000236001392050625	0.0238174571535758
"Zm00001eb347900"	2.96408290341106	0.539809761959748	0.000258352605944604	0.0259649728986898
"Zm00001eb051240"	-2.89706586504629	0.968064911686308	0.000263969499594438	0.0264198564036235
"Zm00001eb078660"	-3.13250981395184	0.354118390512196	0.000266051973970921	0.0265187031339493
"Zm00001eb299340"	-4.40851832966375	-0.787965176817906	0.000272713546978713	0.0270712902515222
"Zm00001eb074640"	-3.75313927954745	-0.521577392524441	0.000276251700011413	0.0273105813305161
"Zm00001eb256120"	-2.40463563749468	4.44906455039006	0.000277817430890573	0.0273537235512218
"Zm00001eb021660"	-3.25306835607709	0.216361768492954	0.000287574737473032	0.0281997883252401
"Zm00001eb376710"	2.46098528692402	2.78503925254702	0.000294083155539747	0.0287217262513235
"Zm00001eb316290"	-2.37552435853505	4.95953144143797	0.000297642119123989	0.028952569346595
"Zm00001eb122840"	-2.74994870123013	1.17344899016161	0.000299099585557414	0.0289779642471445
"Zm00001eb281140"	2.53561293423917	1.94020744555566	0.000300335983188213	0.0289818240988116
"Zm00001eb015400"	-2.38501496612824	4.51235882223003	0.00030433510940369	0.0292511931939158
"Zm00001eb395020"	2.41185356159868	3.39697041235234	0.000307880145143472	0.0294749604566009
"Zm00001eb018040"	-2.5688306188235	2.03159072015588	0.000315397952467595	0.030075802388652
"Zm00001eb377310"	-2.92722844647601	0.563895159914126	0.000318181150578287	0.0301653127728659
"Zm00001eb034650"	-2.42098082056012	3.21280647737636	0.000318827466655121	0.0301653127728659
"Zm00001eb023400"	-2.35667196221183	5.15884308174843	0.000327530675808331	0.0308681731469011
"Zm00001eb077080"	2.59268557674444	1.39153180191938	0.000329558260558745	0.030938878406951
"Zm00001eb283860"	2.35326627428198	5.01062120468929	0.00033548149543115	0.0313733486518838
"Zm00001eb336580"	-2.33809857755701	6.01589860764642	0.000340614721880141	0.0315691668954869
"Zm00001eb159910"	4.0200632228054	-0.67715558143162	0.000341485559085817	0.0315691668954869
"Zm00001eb009630"	-3.71148584987457	-0.556168481178594	0.000341485559085817	0.0315691668954869
"Zm00001eb057120"	2.35095466847961	4.64839907541818	0.000349485251044043	0.03218586412752
"Zm00001eb155720"	-2.82465390391315	0.907105098637828	0.000366438782245246	0.033619370245311
"Zm00001eb219380"	-2.33415063378026	4.70551745431841	0.000379214384242918	0.0346601947198027
"Zm00001eb254960"	2.9821273717186	0.248587347953129	0.000384034110156479	0.0348703256454761
"Zm00001eb042410"	-2.38040360248276	3.32710888532757	0.000384392756176133	0.0348703256454761
"Zm00001eb016800"	2.31784577379375	5.45042506350868	0.000389487144843688	0.0352006273703693
"Zm00001eb177260"	-2.61598298041681	1.55306521544001	0.000392443203699018	0.0353359361962599
"Zm00001eb184470"	2.29944761946911	8.75582446344648	0.000396721571447497	0.0355888636371475
"Zm00001eb405380"	-2.80972492600797	0.894591655787633	0.000398321947923665	0.0356005752791848
"Zm00001eb353140"	-2.58543195404762	1.3818344155113	0.000419628753397912	0.0373267538431921
"Zm00001eb134710"	-3.33324135416145	-0.00545535364524839	0.000421975032885427	0.0373267538431921
"Zm00001eb413470"	-3.6685939587666	-0.591636484099385	0.000423799897067744	0.0373267538431921
"Zm00001eb126450"	-3.6685939587666	-0.591636484099385	0.000423799897067744	0.0373267538431921
"Zm00001eb094710"	-3.15376928777194	0.132911993336348	0.000430481233567077	0.0376146061708347
"Zm00001eb053840"	-2.54239806105	1.68584403599891	0.000430512752137341	0.0376146061708347
"Zm00001eb015720"	-2.30549584290715	5.06669193557954	0.000432579858484956	0.0376146061708347
"Zm00001eb384900"	-2.5065875771564	1.97960684425682	0.000434646288468621	0.0376146061708347
"Zm00001eb041030"	-3.04250632835896	0.278604069321098	0.000435131321322143	0.0376146061708347
"Zm00001eb235830"	-2.59689161712977	1.53712894664721	0.000437695313916085	0.0376146061708347
"Zm00001eb072980"	-2.8692330189996	0.515493996599077	0.000437938934815878	0.0376146061708347
"Zm00001eb078320"	-2.35331275694242	3.28691655684278	0.000446653797864941	0.0381420315593622
"Zm00001eb054710"	-2.41422314829065	2.48917400969866	0.000447229138469051	0.0381420315593622
"Zm00001eb154600"	-2.33711386404387	3.64778138629408	0.000451524174641234	0.0383732176631064
"Zm00001eb006160"	-2.55314453452718	1.63297189122172	0.000455566011478849	0.0385813439301721
"Zm00001eb280930"	-2.33797420683299	3.50415156192407	0.000469820745363736	0.0396499242977528
"Zm00001eb311310"	-2.77939536671743	0.869227770128569	0.00047148313145238	0.0396520587739865
"Zm00001eb061730"	-2.2685621568193	6.99868985439724	0.00047645942320822	0.039837029308692
"Zm00001eb027740"	-2.4492382448329	2.11311702558059	0.000476971987098826	0.039837029308692
"Zm00001eb080840"	-2.2848994280585	4.91216779490615	0.000487019728958466	0.0403480519813721
"Zm00001eb267320"	-2.84937129326072	0.498983859191422	0.000488087991021924	0.0403480519813721
"Zm00001eb056760"	-2.84937129326072	0.498983859191422	0.000488087991021924	0.0403480519813721
"Zm00001eb129970"	-2.91389603676185	0.375018246139684	0.000491431338373132	0.0404862532201892
"Zm00001eb299760"	-2.27802492807804	5.10805074084535	0.000493822871974105	0.0405453687528299
"Zm00001eb067380"	-2.27052256361598	5.44760283004606	0.000501690683614819	0.0409913949463536
"Zm00001eb416900"	-2.33878175885306	3.124891166796	0.000502640035467859	0.0409913949463536
"Zm00001eb061650"	-2.7151104042094	0.933830825222082	0.000506668142752959	0.0411079477194613
"Zm00001eb310180"	-2.36149478267007	2.7352058914623	0.000508980408975756	0.0411079477194613
"Zm00001eb128310"	-2.4669397169084	1.7940871834957	0.000509160823906461	0.0411079477194613
"Zm00001eb359220"	-2.55793383919783	1.5047104710342	0.000516511432722882	0.041562868478342
"Zm00001eb417750"	-3.6243876983707	-0.628027311804069	0.000528117929274754	0.0422251755606339
"Zm00001eb432180"	-2.7187194802825	0.689959489598366	0.000528228735183191	0.0422251755606339
"Zm00001eb409030"	-2.82923230766924	0.482278012285255	0.000544518711752741	0.0432419269421743
"Zm00001eb259120"	2.82232438651485	0.419731081077152	0.000544518711752741	0.0432419269421743
"Zm00001eb433540"	-2.2392268779732	6.53116537113346	0.000561379276551812	0.044435187769155
"Zm00001eb401290"	-3.10143329847142	0.0892528359277716	0.000567750016191435	0.0446994677045905
"Zm00001eb290590"	-2.23518534379494	6.69068110776832	0.000571353750401384	0.0446994677045905
"Zm00001eb291690"	-3.2756848585033	-0.0536683260792475	0.000572100036679867	0.0446994677045905
"Zm00001eb290160"	-3.24602197789989	-0.0784103906787527	0.000572100036679867	0.0446994677045905
"Zm00001eb230580"	-2.38736167386028	2.1842008146645	0.000577080871370675	0.0449436520433091
"Zm00001eb375120"	2.23772376696573	5.61663433827788	0.000587101724355694	0.0455775348257028
"Zm00001eb264840"	2.30143101727528	3.03195231677153	0.00059489175403487	0.0460085646433726
"Zm00001eb323300"	-2.68540535225265	0.909156354476577	0.000596453048925272	0.0460085646433726
"Zm00001eb032520"	-2.29979975266855	3.09273590514677	0.000606289260271901	0.046601772001915
"Zm00001eb337600"	2.22710148646223	6.06241555674157	0.00060799141045395	0.046601772001915
"Zm00001eb005850"	-2.28042956280379	3.57321724815499	0.000625369073878391	0.0477825373451373
"Zm00001eb078010"	-2.21870310937032	5.95642697091255	0.000642839394567704	0.0489629338862401
"Zm00001eb106410"	-3.07453568106835	0.0669036743683606	0.000653613050329959	0.0496274661192537
"Zm00001eb242240"	-2.72111315876822	0.550382517318201	0.000659510708940889	0.0497840858000305
"Zm00001eb335210"	-2.22273795435876	5.10056175293004	0.000659786612518467	0.0497840858000305
"Zm00001eb237570"	2.21707499882557	5.15325423116701	0.000667068475931093	0.0497925347292562
"Zm00001eb123110"	-3.21573638054364	-0.103596609177993	0.000668121621196824	0.0497925347292562
"Zm00001eb024150"	-3.21573638054364	-0.103596609177993	0.000668121621196824	0.0497925347292562
"Zm00001eb184970"	2.97502264627261	-0.1455476955579	0.000668121621196824	0.0497925347292562
"Zm00001eb388220"	-2.36218689026442	2.27608117979746	0.000674490098157774	0.0501129591026977
"Zm00001eb036970"	2.20150164430618	6.74395415834671	0.000678161239899906	0.0501970179954492
"Zm00001eb082480"	-2.78809081654817	0.448260025582877	0.000679766397031805	0.0501970179954492
"Zm00001eb280520"	2.19806706612277	6.82984705504164	0.000689361765495729	0.0507508550822859
"Zm00001eb281100"	-2.3964318496458	1.78865541429472	0.000691816741872623	0.0507772524390812
"Zm00001eb010420"	-2.21885470532876	4.88521336618031	0.000694368645851319	0.0508105829944556
"Zm00001eb247140"	-2.84692527259362	0.319570817319971	0.000702206435352995	0.0512293435864003
"Zm00001eb285170"	2.29030027034251	2.68576881266372	0.000710648889657446	0.051689569839018
"Zm00001eb214780"	-2.24323551422698	3.66343311115275	0.000730778406446415	0.0529945622231695
"Zm00001eb288020"	-2.23343517332631	3.62942415174055	0.000743996070512521	0.0537920263399516
"Zm00001eb089110"	-2.74574156291535	0.413399898410544	0.00076068647926468	0.0548350809948506
"Zm00001eb403190"	2.19475882531601	4.76594326634124	0.000770230987609543	0.0553583523765304
"Zm00001eb030260"	-2.19741128846405	4.82903363709459	0.000774990961165716	0.0555356688473219
"Zm00001eb158690"	-2.19333210919951	4.52887135273279	0.000795861343036276	0.0568630017394739
"Zm00001eb187280"	2.22666131091822	3.42496025970797	0.000801765376820262	0.0570079264832213
"Zm00001eb374190"	2.25226960515652	2.79502387628769	0.000802597041029622	0.0570079264832213
"Zm00001eb236640"	-3.42132627426195	-0.29730238143658	0.000809124869227524	0.0573035481215201
"Zm00001eb377880"	2.40399033829461	1.40798021687262	0.000812422572642165	0.0573693502389676
"Zm00001eb146850"	2.2601344917318	2.55150525652592	0.00081629996563484	0.0574755856617484
"Zm00001eb163060"	-2.89600841197798	0.15714158918954	0.000829315323561805	0.0580544695144234
"Zm00001eb095970"	2.80565366228386	0.100908680441526	0.000829315323561805	0.0580544695144234
"Zm00001eb244830"	2.52184824988558	0.821786702542287	0.000832166679141596	0.0580861934740305
"Zm00001eb257310"	-2.35305444096349	1.94620889580857	0.000845488398127783	0.0588464784225662
"Zm00001eb345910"	-2.72409145095283	0.395640648866176	0.000852137009698839	0.0591204817318822
"Zm00001eb185100"	-2.2039754496385	3.69427196650771	0.000854306948770024	0.0591204817318822
"Zm00001eb001770"	-2.29570165609108	2.32595023967199	0.000860612100480223	0.0592039574763503
"Zm00001eb248500"	-2.2041529350291	3.84630063656751	0.000860883575068577	0.0592039574763503
"Zm00001eb135250"	-2.60928645961532	0.60003009914414	0.000862846166101798	0.0592039574763503
"Zm00001eb066160"	2.2919718692986	2.12766557700055	0.000869638046410291	0.0594030008038923
"Zm00001eb178680"	-3.01918758610052	0.0211089968055119	0.000870652131843515	0.0594030008038923
"Zm00001eb362240"	2.38226853897251	1.54488274779493	0.000879528029941358	0.0598400236326113
"Zm00001eb054810"	-2.80048613672891	0.281353301894082	0.000896208509134679	0.0606528069668194
"Zm00001eb382400"	2.3172226384886	1.9489147032476	0.0008964825933744	0.0606528069668194
"Zm00001eb341790"	2.15166244903164	5.2156439112994	0.000932969038940903	0.0629455239336702
"Zm00001eb100300"	2.17913716439855	3.91977213023228	0.000940253230873164	0.0632607597360525
"Zm00001eb333200"	-2.87007772541445	0.135836570091804	0.000947515244778426	0.0635727610630977
"Zm00001eb003630"	-2.70211148565133	0.377654388366518	0.000955604088161522	0.0639383608269619
"Zm00001eb085690"	-3.3858234286124	-0.326757499729627	0.000966726560424983	0.0641509151234343
"Zm00001eb343180"	-3.3858234286124	-0.326757499729627	0.000966726560424983	0.0641509151234343
"Zm00001eb098570"	-3.3858234286124	-0.326757499729627	0.000966726560424983	0.0641509151234343
"Zm00001eb004260"	-2.59243409125072	0.832439332149965	0.000986362328497181	0.0651402727398699
"Zm00001eb090260"	-2.17287795009185	3.77575407387034	0.000987014578074078	0.0651402727398699
"Zm00001eb074370"	2.19121549047782	3.08440152265414	0.000996683122741443	0.0655996247715231
"Zm00001eb133700"	2.3672556211106	1.32230453164252	0.00100268572133573	0.0657096870167611
"Zm00001eb059840"	-2.27171696251672	2.12800779278133	0.00100378118971973	0.0657096870167611
"Zm00001eb246190"	-2.34207483874529	1.84393811220741	0.0010078266489894	0.0657966826554511
"Zm00001eb075000"	-2.3912356646546	1.49950251127847	0.00101056666479214	0.0657982128707808
"Zm00001eb026220"	-2.36718595658028	1.54154731151398	0.00103077457422338	0.0669340240275185
"Zm00001eb312870"	2.4489678185979	1.07466456247316	0.00103448164829919	0.066995133699077
"Zm00001eb410380"	-2.14536770859282	4.55684589466035	0.00104010390642685	0.0671796179135057
"Zm00001eb255170"	-2.31210779669082	1.71977816024275	0.00105177693777833	0.0677528968349173
"Zm00001eb281240"	2.14256305981563	4.06419548114607	0.0010670222491794	0.0685526416375974
"Zm00001eb161620"	-2.67979146024954	0.359435172610426	0.00107279958643536	0.0687099494265155
"Zm00001eb196580"	-3.12086727909355	-0.181988759803498	0.00107747581301766	0.0687099494265155
"Zm00001eb306070"	-2.1171179462102	5.8525881542016	0.00108315523568307	0.0687099494265155
"Zm00001eb079860"	-2.84367242267746	0.11420332115377	0.00108416366036271	0.0687099494265155
"Zm00001eb256380"	2.28751280827473	1.65071191713619	0.00108604818438311	0.0687099494265155
"Zm00001eb169320"	-2.2447792690277	2.31761579247209	0.00108649150036561	0.0687099494265155
"Zm00001eb138050"	-2.24389129162527	2.28373554891419	0.00111085865417543	0.0700679881843308
"Zm00001eb375000"	-2.32383285859406	1.62212977578667	0.00112360131270924	0.0705382705279928
"Zm00001eb269940"	-2.62037895974058	0.46790374583732	0.00112419029085881	0.0705382705279928
"Zm00001eb090820"	-2.10328667194412	6.67124078604467	0.00112705134776984	0.0705382705279928
"Zm00001eb384100"	-2.60012638941499	0.72095554262054	0.00113704907675924	0.0708640761477373
"Zm00001eb292890"	-2.1011657492404	6.72176842903568	0.00113810848525948	0.0708640761477373
"Zm00001eb095060"	-3.34942481412989	-0.356845419497683	0.00115812716852985	0.0713287303244668
"Zm00001eb359590"	-3.34942481412989	-0.356845419497683	0.00115812716852985	0.0713287303244668
"Zm00001eb042190"	-3.3120840561032	-0.387594148011813	0.00115812716852985	0.0713287303244668
"Zm00001eb258670"	-2.10780213111029	5.45875725999191	0.00116250392904259	0.0713287303244668
"Zm00001eb285970"	2.23371517230077	2.19915985810811	0.00116439898120517	0.0713287303244668
"Zm00001eb248540"	2.13668258386123	3.62790671673507	0.00116477019730143	0.0713287303244668
"Zm00001eb174790"	2.6113858346228	0.49569768242788	0.00116963450013431	0.0713287303244668
"Zm00001eb317020"	2.49717170644138	0.512790512224416	0.00116963450013431	0.0713287303244668
"Zm00001eb354270"	-2.15366657853136	3.48358007810208	0.00117440814949917	0.0713287303244668
"Zm00001eb309350"	-2.20288739368456	2.70654822883101	0.00117502016429802	0.0713287303244668
"Zm00001eb263800"	2.26852401772112	1.75897093373839	0.00118686092691971	0.0718673962773057
"Zm00001eb112200"	-2.416466649818	1.0810105550314	0.00119400790547323	0.0721198640360775
"Zm00001eb194370"	2.32548062109645	1.28818306347048	0.00120495699987025	0.0724645329328573
"Zm00001eb074840"	-2.6571206867846	0.340976819766189	0.0012056978147864	0.0724645329328573
"Zm00001eb015340"	2.10312221822485	4.77392437714518	0.00121610505009144	0.0729091099462002
"Zm00001eb047060"	2.13994658253537	3.2920000094357	0.00122013722484451	0.0729702314147134
"Zm00001eb068280"	-2.09811609477723	5.1546594718246	0.00123273471371566	0.0735420381795737
"Zm00001eb166630"	-2.10198626267682	4.44082770536646	0.00127804306137575	0.0760135328982323
"Zm00001eb150050"	-2.09788539412677	4.74808175146457	0.00128282763324699	0.0760135328982323
"Zm00001eb204420"	-2.40280958908745	1.06992837711545	0.00128357767868284	0.0760135328982323
"Zm00001eb047450"	-2.08533056282906	5.38813462304849	0.00129986438792886	0.0767902813171338
"Zm00001eb344530"	-2.70286746611882	0.201652159194744	0.00130442179646987	0.0768720202732281
"Zm00001eb092580"	2.41577548046115	0.819580473752546	0.00130782927630782	0.0768857594695432
"Zm00001eb064350"	-2.17313070338568	2.58127338046162	0.00132816987775381	0.0778925002641042
"Zm00001eb103840"	-2.90168261248271	-0.0752240424020077	0.00135627631023502	0.0793487162082182
"Zm00001eb003700"	-2.083929850172	4.71428668549483	0.00136233012535269	0.0795108384726925
"Zm00001eb006680"	-2.09904392984361	3.92829035646677	0.00136919313595517	0.0797192955431975
"Zm00001eb417770"	-3.27375108261849	-0.41903359468267	0.00139124329378577	0.0804231594720412
"Zm00001eb276920"	-3.27375108261849	-0.41903359468267	0.00139124329378577	0.0804231594720412
"Zm00001eb403150"	-3.27375108261849	-0.41903359468267	0.00139124329378577	0.0804231594720412
"Zm00001eb142620"	-2.0915733454824	4.13311644186067	0.00141145292462861	0.0813971459224515
"Zm00001eb042780"	-2.13771894507051	2.79342936310143	0.00142410329989121	0.0816464048724296
"Zm00001eb154410"	-2.78936616590525	0.0699101188508584	0.00142588783539233	0.0816464048724296
"Zm00001eb187810"	-2.78936616590525	0.0699101188508584	0.00142588783539233	0.0816464048724296
"Zm00001eb134140"	-2.51129032080855	0.520441161135901	0.00143872822955716	0.0821873501134529
"Zm00001eb361860"	2.12569957311436	2.8715509858307	0.00144682544019912	0.0823048805764233
"Zm00001eb214410"	2.06636010240832	5.19951016358215	0.00144758181435764	0.0823048805764233
"Zm00001eb300960"	2.10916051164025	3.14784313564748	0.00145609870917834	0.0825952384894813
"Zm00001eb365040"	-2.08233063922043	4.07356855193053	0.00146457701902352	0.0828820560228238
"Zm00001eb207660"	-2.15626672924464	2.54122620143265	0.00147068443889825	0.0830336778427846
"Zm00001eb069330"	-2.051879565275	6.31927030828655	0.00147447275216568	0.0830539640237327
"Zm00001eb090700"	-2.2076869596543	1.99814687483743	0.0014876769610599	0.083353987218816
"Zm00001eb326950"	-2.07284681189056	4.30194980726725	0.00148992840529479	0.083353987218816
"Zm00001eb408900"	-2.12940698466052	2.78673739678554	0.00149012330067905	0.083353987218816
"Zm00001eb124620"	2.40174091542294	0.723565765351904	0.00152470895136397	0.0849836716722398
"Zm00001eb363360"	-2.2669286840047	1.57605593057737	0.00152627460374982	0.0849836716722398
"Zm00001eb142030"	-2.46188779000023	0.834569283078107	0.00154661071112102	0.0859184817295008
"Zm00001eb197870"	-2.03534197761865	7.22569702918403	0.00157038644700612	0.0870396570547715
"Zm00001eb175600"	-2.49086622482514	0.503968939062188	0.00159776500335074	0.0882074459144602
"Zm00001eb097930"	2.34840478542396	0.99247849529621	0.00159873947221205	0.0882074459144602
"Zm00001eb190090"	-2.13389716820117	2.67502878000042	0.00161808558593152	0.0890719340382896
"Zm00001eb215270"	2.41514274225013	0.548858208921671	0.0016244733374586	0.0892207907178795
"Zm00001eb416820"	-2.21418073781995	1.83343863427912	0.00165355668435772	0.0904129242159779
"Zm00001eb201180"	-2.03395140599916	5.75359695828279	0.00165364458229133	0.0904129242159779
"Zm00001eb227150"	-2.06131695554597	4.01177414780197	0.00166684327209428	0.090929303813954
"Zm00001eb280620"	-2.1180534942204	2.82126753975322	0.00167650379202342	0.0912507828013465
"Zm00001eb165470"	2.0771092666886	3.12203434434096	0.0017080154721255	0.0925534410867802
"Zm00001eb234360"	-2.20678670171567	1.68540656548295	0.00170940463519146	0.0925534410867802
"Zm00001eb332120"	-2.08920233715873	3.17440525166241	0.00171190048333585	0.0925534410867802
"Zm00001eb329070"	-2.05563128328421	3.87350515896906	0.00172314307595322	0.0925612947215228
"Zm00001eb420190"	-2.58688911728412	0.284101281632862	0.00172324495143778	0.0925612947215228
"Zm00001eb383160"	-2.0318975904236	4.99189303488097	0.00172351033893757	0.0925612947215228
"Zm00001eb338960"	-2.09168552582121	3.12584532860538	0.00173878681686933	0.0931166787143464
"Zm00001eb377540"	-2.11575769869365	2.66045444245902	0.00174154062415255	0.0931166787143464
"Zm00001eb396640"	-2.14407344938518	2.23630532388767	0.00176105275426705	0.0939525523372295
"Zm00001eb260160"	-2.05927220334622	3.57723283782096	0.00176609113794299	0.0940142713233344
"Zm00001eb081210"	-3.01931789148571	-0.265027801407036	0.00177212936827027	0.0941288276948998
"Zm00001eb157060"	2.03293279447234	4.39367556508069	0.00179768206374174	0.095277149378312
"Zm00001eb432160"	2.07401425570871	3.07751056438714	0.00183451554312241	0.0970170326855196
"Zm00001eb397490"	2.6815486248227	-0.179893453280598	0.00183939846187227	0.0970633336492555
"Zm00001eb340140"	-2.10764354356542	2.4752464785073	0.00187775255765378	0.0987181649465517
"Zm00001eb348560"	2.04499534405462	3.62270728411969	0.00188421717653086	0.0987181649465517
"Zm00001eb247050"	-2.73293547137649	0.0241727373589034	0.00188706124314659	0.0987181649465517
"Zm00001eb289910"	2.64007063539059	-0.0344503078962773	0.00188706124314659	0.0987181649465517
