"logFC"	"logCPM"	"PValue"	"FDR"
"Zm00001eb160010"	8.4620900969961	3.74997715375386	6.93389348850809e-23	1.77785029045347e-18
"Zm00001eb229190"	-6.94592493565749	4.24940511703371	3.60478887808024e-21	4.62133934169887e-17
"Zm00001eb065210"	-8.33094312874105	2.61912910351009	1.26268023457531e-18	1.07917070715037e-14
"Zm00001eb389190"	5.49277960147812	5.52746918543627	8.23700658356689e-18	5.27992122006638e-14
"Zm00001eb357740"	-6.44230588315291	3.17964601432571	1.30071692483797e-17	6.67007639056912e-14
"Zm00001eb330540"	-4.70543792213438	5.23673307271383	1.58437429675582e-14	6.77055949480323e-11
"Zm00001eb332560"	4.79774865360246	4.05136052464477	3.648846858073e-14	1.33652047772845e-10
"Zm00001eb072870"	4.74482208746195	4.16904885460133	4.39040878285735e-14	1.40712601490578e-10
"Zm00001eb274690"	4.97444808479181	3.40058352184372	5.26418434998509e-14	1.49970763037353e-10
"Zm00001eb381280"	-4.71109425798667	4.11975824178827	7.15916987079309e-14	1.83561115487135e-10
"Zm00001eb088020"	-4.62894680242988	4.18448039062266	1.34202696526415e-13	3.12814285357935e-10
"Zm00001eb048560"	-4.64750050003974	3.85653431708782	1.85547690656735e-13	3.96453565703224e-10
"Zm00001eb087960"	-4.32834348182609	7.31107032711973	2.58918285921246e-13	5.10666527001597e-10
"Zm00001eb396520"	-4.39038028886002	5.25954987754735	3.28698275909649e-13	6.01987413880243e-10
"Zm00001eb283460"	-5.1403482544373	2.48121097986045	4.4237053967554e-13	7.56158709152057e-10
"Zm00001eb344730"	5.10471552231671	2.19420244407098	1.22245083915956e-12	1.9574794656166e-09
"Zm00001eb326950"	4.38505172212078	3.94011747200885	1.29786080013581e-12	1.9574794656166e-09
"Zm00001eb299760"	-4.55227548885464	2.89974463268045	2.71936205043473e-12	3.8735801651748e-09
"Zm00001eb228670"	4.05922501927641	5.75424694799384	5.64335719231276e-12	7.61556202162627e-09
"Zm00001eb250940"	4.56761336082557	2.75337403582064	6.75295634584973e-12	8.65729003537935e-09
"Zm00001eb367810"	4.3600828070002	3.09991382047416	9.83729514318304e-12	1.20108689272006e-08
"Zm00001eb171840"	4.38623990571119	2.91648752101007	1.34600437322418e-11	1.56870691497581e-08
"Zm00001eb153570"	-4.95288643783787	1.73334958110692	3.27772813137114e-11	3.65395431688505e-08
"Zm00001eb164960"	-4.26926358201653	2.70832688219818	3.48569516223082e-11	3.72388433164992e-08
"Zm00001eb139500"	-4.07388747659891	3.39611965838134	4.46362365626882e-11	4.5778924218693e-08
"Zm00001eb272040"	-9.33427857924244	0.530955844401432	7.36904055712289e-11	7.07724571809455e-08
"Zm00001eb187450"	3.96732271215727	3.54672195323767	7.45263784666742e-11	7.07724571809455e-08
"Zm00001eb404170"	-4.10368891636098	2.82452814794332	9.35100169043631e-11	8.56284583367096e-08
"Zm00001eb367770"	3.87394660444279	4.02734665573854	9.84866336926609e-11	8.70757685475802e-08
"Zm00001eb119760"	4.29833732458344	2.29773682487619	1.6685609303164e-10	1.42606340844375e-07
"Zm00001eb145080"	-5.22907392904515	1.04575801412913	4.23492334355419e-10	3.50269143641063e-07
"Zm00001eb204960"	-4.10488914493337	2.12102526267678	4.71734350699299e-10	3.77977148497814e-07
"Zm00001eb170770"	-3.69709756696446	3.86412866469122	5.08406763515336e-10	3.80902919962269e-07
"Zm00001eb070270"	-4.04093857857486	2.25024237628602	5.16720600363217e-10	3.80902919962269e-07
"Zm00001eb113780"	-3.61395728059343	4.73622680700518	5.19953283879853e-10	3.80902919962269e-07
"Zm00001eb138510"	-3.73057340117578	3.43566190005718	5.49699905718543e-10	3.91508488406207e-07
"Zm00001eb340550"	-4.0664356830213	2.08515557481625	6.62549786355374e-10	4.59129095193291e-07
"Zm00001eb048370"	3.68792885037931	3.67081340822536	7.37260335181322e-10	4.97456710369713e-07
"Zm00001eb128310"	4.50511855160092	1.41498656436846	8.12118293992427e-10	5.33915719435021e-07
"Zm00001eb215860"	3.75488718999527	3.06747376844862	8.96365079093339e-10	5.7457001569883e-07
"Zm00001eb106430"	-3.48091884187413	5.6414560035588	1.17966589967828e-09	7.37722772384173e-07
"Zm00001eb067380"	-3.59571401324657	3.72354580542966	1.34058372368528e-09	8.18394444649778e-07
"Zm00001eb165030"	3.61244228130387	3.42250008813049	1.91625989881109e-09	1.13214605224975e-06
"Zm00001eb217970"	-3.42712172292151	5.59220841849343	1.94284033927414e-09	1.13214605224975e-06
"Zm00001eb087980"	-5.03290792079702	0.860453028213831	2.20480160299127e-09	1.25624695779325e-06
"Zm00001eb362750"	-3.52044389764278	3.87560702321697	2.30751563594389e-09	1.28618915012177e-06
"Zm00001eb149500"	-4.12749296335468	1.6685602857118	3.33999023307318e-09	1.81395893868286e-06
"Zm00001eb356910"	-3.33984316983206	6.84844907190853	3.39586696789303e-09	1.81395893868286e-06
"Zm00001eb168980"	-3.82251825577376	2.04771382263331	3.67527643014231e-09	1.92314464630304e-06
"Zm00001eb172450"	3.33166757152204	6.73640346871487	3.79843946201882e-09	1.94634955520418e-06
"Zm00001eb012570"	-5.34366258642446	0.615572028504397	3.89783599984469e-09	1.94634955520418e-06
"Zm00001eb356600"	-4.42010576133297	1.23045996152179	3.96029197655623e-09	1.94634955520418e-06
"Zm00001eb168100"	-3.39741866977346	4.38612695692235	4.02326546122548e-09	1.94634955520418e-06
"Zm00001eb350770"	3.56975651131906	2.94134343912821	4.50855151615814e-09	2.14072705322768e-06
"Zm00001eb320890"	-3.30670366836232	6.80663978736378	4.69584909524904e-09	2.17765337359749e-06
"Zm00001eb123400"	-3.66463894085315	2.47740573463444	4.75618521534554e-09	2.17765337359749e-06
"Zm00001eb388510"	-3.35043080411287	4.71660689163873	5.11669667285091e-09	2.30161583669995e-06
"Zm00001eb135430"	-4.69163555372136	0.928771853836237	5.287755914039e-09	2.33755278682689e-06
"Zm00001eb413120"	-3.38582222408336	3.926312614954	6.01382587930949e-09	2.61346602619484e-06
"Zm00001eb163440"	-4.24818248137294	1.28361072471177	7.26543082756737e-09	3.10476077364712e-06
"Zm00001eb112260"	-3.35214034080283	3.98382784783202	7.8267040262419e-09	3.28978182348922e-06
"Zm00001eb336580"	-3.39263958577959	3.60776932713055	8.10666633192435e-09	3.35249878629904e-06
"Zm00001eb258790"	3.27873704032273	4.96368115192621	8.88304322448252e-09	3.61525759167828e-06
"Zm00001eb019880"	-4.84052231404362	0.680263294894152	1.05155365063977e-08	4.21278681287558e-06
"Zm00001eb027780"	8.68624805514681	-0.0482187576475655	1.16250936285291e-08	4.58565231746903e-06
"Zm00001eb055380"	-3.44233558809585	2.96639536890006	1.23294550407984e-08	4.78980647342533e-06
"Zm00001eb000660"	-3.20607767753082	5.96194509135155	1.27349080452416e-08	4.82223423356393e-06
"Zm00001eb334540"	-3.70490105041014	1.84858836887677	1.27890767504816e-08	4.82223423356393e-06
"Zm00001eb155430"	3.41969699316385	2.84738773696291	1.59060163703906e-08	5.91058347444658e-06
"Zm00001eb065120"	-3.1961659654016	4.97816687025637	1.81871527780854e-08	6.62271859776302e-06
"Zm00001eb322810"	-4.78813176554065	0.63148518575069	1.83390413588602e-08	6.62271859776302e-06
"Zm00001eb161610"	-4.12997990218653	1.17419333399721	1.91987347172786e-08	6.83688275209755e-06
"Zm00001eb011820"	-3.19816975464837	4.51589489058899	2.23574118591867e-08	7.85265808314449e-06
"Zm00001eb126130"	3.48151730628378	2.40938592858825	2.40178880334363e-08	8.32187363753117e-06
"Zm00001eb198620"	-3.29454171956605	3.12939820805624	2.62623577242183e-08	8.9782246939861e-06
"Zm00001eb365220"	-4.31992776410844	0.887166251429043	2.79142843127603e-08	9.4173980234102e-06
"Zm00001eb150500"	-4.47432797995774	0.726773975876622	3.03712400147419e-08	1.01132284932206e-05
"Zm00001eb381920"	-3.65438647193538	1.6011873984928	3.20427983093898e-08	1.05330429314456e-05
"Zm00001eb231110"	3.29998775678692	2.89762794357865	3.48305092146791e-08	1.1304484256511e-05
"Zm00001eb401100"	-4.1643671196433	0.993405380492947	3.56852513774369e-08	1.14371230664685e-05
"Zm00001eb014050"	-3.07167576417904	6.40981731406471	3.94670149073245e-08	1.24438110327109e-05
"Zm00001eb415720"	3.74011471059457	1.41686603537709	3.97968995585919e-08	1.24438110327109e-05
"Zm00001eb148070"	3.12759222032084	4.39963404715322	4.21035964695985e-08	1.30064604033796e-05
"Zm00001eb106410"	-3.53995612295766	1.69848636237705	5.37297398495783e-08	1.64003634493237e-05
"Zm00001eb022810"	-4.38803836970773	0.647220965986691	6.83325361822311e-08	2.06123085613224e-05
"Zm00001eb293570"	3.0749004326756	4.05013468173285	7.58185328504801e-08	2.2543519332668e-05
"Zm00001eb201580"	-3.28789576189901	2.45260762430402	7.64932208245757e-08	2.2543519332668e-05
"Zm00001eb019830"	-2.99259574239834	6.13313044618548	8.0706667336541e-08	2.35013490576292e-05
"Zm00001eb081770"	-3.58017878731268	1.42174448956283	8.15764456368563e-08	2.35013490576292e-05
"Zm00001eb423100"	-3.26667989546265	2.48023810099492	8.65860127023486e-08	2.46673929520913e-05
"Zm00001eb359320"	3.24816241061256	2.56198856377576	8.91101218869111e-08	2.49059707365166e-05
"Zm00001eb208380"	-8.44310822300702	-0.310094434082305	8.93661976505277e-08	2.49059707365166e-05
"Zm00001eb042070"	-3.94631832407941	1.00563570504404	9.27969955277543e-08	2.55840318852862e-05
"Zm00001eb325290"	-4.14459125188547	0.726094072250858	1.10324684330609e-07	3.00928181514555e-05
"Zm00001eb341630"	2.93222721144719	7.11612486393818	1.20164614285628e-07	3.24317969503528e-05
"Zm00001eb353230"	-3.03833666938476	3.66742287984615	1.26608432640902e-07	3.38150022178409e-05
"Zm00001eb346880"	-3.18931572934366	2.5425599225172	1.42795083258744e-07	3.77450096366413e-05
"Zm00001eb159180"	2.96934622345701	4.42676562811851	1.60410402373198e-07	4.19685991515182e-05
"Zm00001eb054710"	-3.1268581165926	2.75386405948114	1.74364187139388e-07	4.5158563214686e-05
"Zm00001eb196870"	-3.11705758875984	2.81314281546293	1.79201204444675e-07	4.59471888196147e-05
"Zm00001eb306070"	-2.96296381197078	3.9960902778123	1.8720034638133e-07	4.71940587797473e-05
"Zm00001eb383440"	-8.33651184555691	-0.408261354158704	1.87745475644861e-07	4.71940587797473e-05
"Zm00001eb019930"	-3.05081224665631	3.05316716320534	1.92217811047154e-07	4.78491716043596e-05
"Zm00001eb360460"	-4.07515160885207	0.662783323065527	2.14532000035452e-07	5.28903892395096e-05
"Zm00001eb391230"	2.91562145008072	4.72509344559505	2.18177904965807e-07	5.32769665078409e-05
"Zm00001eb187130"	-3.36359606881223	1.53984338510343	2.21502231862769e-07	5.35784643864282e-05
"Zm00001eb068310"	-3.62325836439001	1.2063020082117	2.23980294409327e-07	5.36715397070575e-05
"Zm00001eb397030"	8.28139349413249	-0.418526482538181	2.42362341287002e-07	5.75386150981365e-05
"Zm00001eb032280"	-3.07930458349899	2.74601164516853	2.49956039538475e-07	5.87969986584083e-05
"Zm00001eb179680"	-2.94851077211283	3.67288842324198	2.62622400132308e-07	6.12148939944762e-05
"Zm00001eb332050"	-2.835111304755	8.54204352824147	2.65476537875805e-07	6.13226885687896e-05
"Zm00001eb271530"	2.90164244467486	4.00950763854069	3.40120758955988e-07	7.78633594609958e-05
"Zm00001eb281850"	3.01284585310404	2.88271013748328	3.66592266025443e-07	8.24031499414232e-05
"Zm00001eb162570"	-3.22748715314153	1.75124334460803	3.6680585726561e-07	8.24031499414232e-05
"Zm00001eb301270"	3.2445143863061	1.86788072055029	3.69592911203731e-07	8.24031499414232e-05
"Zm00001eb103310"	3.10178809848647	2.23653269313301	4.31655043850247e-07	9.5410649347589e-05
"Zm00001eb020450"	3.75595302279863	0.73153392483728	4.53012115006375e-07	9.89402630444716e-05
"Zm00001eb150050"	-2.77625314544119	7.01703452380021	4.55341304182825e-07	9.89402630444716e-05
"Zm00001eb235510"	2.81648551393241	4.57882190884588	5.25158074049915e-07	0.00011315170603899
"Zm00001eb212460"	2.97202494292504	2.6433679002972	5.344430654453e-07	0.000113427543594685
"Zm00001eb073310"	-3.13270743797645	1.87427212929662	5.35285989662907e-07	0.000113427543594685
"Zm00001eb295610"	-2.81935424520788	4.15829954219195	5.87264601883725e-07	0.000123421839281137
"Zm00001eb098220"	2.77975710140195	5.03423288922907	6.06982679686449e-07	0.000126528747212687
"Zm00001eb078740"	-2.89635027750834	3.02115289980051	6.40542407346382e-07	0.000132447639712591
"Zm00001eb116230"	-2.72872495861712	7.7856232849387	6.61522622536384e-07	0.000135691520334663
"Zm00001eb336410"	-2.87111251409031	3.18703473623084	7.12740298704831e-07	0.000144528365053582
"Zm00001eb283990"	2.75125936628239	5.24788408141038	7.19767172508848e-07	0.000144528365053582
"Zm00001eb088000"	-5.3471227866549	-0.249189475708686	7.21514458925841e-07	0.000144528365053582
"Zm00001eb007740"	-4.07108588975928	0.358658362223347	7.40245492304046e-07	0.000146163324079428
"Zm00001eb316870"	-2.7778200537315	4.30586106090155	7.41077696190547e-07	0.000146163324079428
"Zm00001eb428290"	-2.88745617534577	2.79719912701211	8.02536081424799e-07	0.000157076527692609
"Zm00001eb369560"	2.72455009836759	5.65572399642728	8.28393166552704e-07	0.000160909096897056
"Zm00001eb380990"	2.88079980784544	2.97288003247668	8.44039640259174e-07	0.000162715611851468
"Zm00001eb275420"	2.83479051169605	3.25112267107189	8.52993224894512e-07	0.000163214524524592
"Zm00001eb251990"	-8.09631498653651	-0.627018662286062	9.27527441705907e-07	0.0001761615081877
"Zm00001eb313510"	-2.82087354000759	3.34817485808344	9.54339769768051e-07	0.000179610912747785
"Zm00001eb242760"	2.74045237614072	4.44172349607912	9.59699494791206e-07	0.000179610912747785
"Zm00001eb383830"	-2.684846362726	6.98792927717349	9.77208635235936e-07	0.000181562531938039
"Zm00001eb106390"	-3.17393953309802	1.37159779795131	1.04264402347519e-06	0.000192326566632402
"Zm00001eb018040"	-2.84773251912865	2.84743237948756	1.05603634250256e-06	0.000193405513012612
"Zm00001eb005570"	-3.38535486180184	1.1257847877448	1.0740479243514e-06	0.00019446486716715
"Zm00001eb107560"	-2.7457439225659	4.03874422854766	1.08396410345728e-06	0.00019446486716715
"Zm00001eb237960"	-2.67688009314044	6.70481870167175	1.08457394714908e-06	0.00019446486716715
"Zm00001eb287790"	-2.93520156971982	2.35921833200657	1.09249253929019e-06	0.000194524366023614
"Zm00001eb353600"	3.5376413195595	0.746713735040706	1.12527835662777e-06	0.000198980255613352
"Zm00001eb384750"	2.83564235701049	2.96071168460492	1.15096910357411e-06	0.000202129094627673
"Zm00001eb267480"	-3.13683023311359	1.42940833426621	1.1818467807374e-06	0.000206139805837463
"Zm00001eb135130"	-2.75705869098827	3.66158846738497	1.20802306648227e-06	0.000208130120097053
"Zm00001eb155660"	2.7735065906548	3.51244272963594	1.20949250758428e-06	0.000208130120097053
"Zm00001eb344160"	-2.84216586070348	2.69820537712163	1.22037552878024e-06	0.000208602857052836
"Zm00001eb275270"	-8.05208559467569	-0.666901655168778	1.23039354512008e-06	0.000208922453621715
"Zm00001eb326420"	2.68340062033725	4.98122069841887	1.32991255149061e-06	0.000224335248817231
"Zm00001eb221490"	-2.96755762134547	2.0189676232452	1.35158821441225e-06	0.000226501449787778
"Zm00001eb250730"	-3.1149908232801	1.41023576630747	1.39428847718282e-06	0.00023213997762966
"Zm00001eb331530"	-3.97963121762509	0.276571216121395	1.42345663605646e-06	0.00023546727837734
"Zm00001eb272110"	-5.24308977532698	-0.343165607796101	1.4582422560361e-06	0.00023967520156901
"Zm00001eb101660"	-2.97583777690379	1.85946470067559	1.53724464749588e-06	0.000251050654533722
"Zm00001eb233760"	-2.67360614149288	4.63653422275975	1.5743544482023e-06	0.000255483848429791
"Zm00001eb104190"	-2.80028962357473	2.72132437732267	1.64375293538932e-06	0.000265068083417497
"Zm00001eb384740"	-2.64286111749767	5.43305831496119	1.67337914730579e-06	0.000268159008355752
"Zm00001eb359850"	2.62997214476668	5.72149608608185	1.75096419023717e-06	0.000278849203960752
"Zm00001eb332200"	5.10544801631464	-0.353873048535053	1.85659414804362e-06	0.000293846135529866
"Zm00001eb325410"	-2.77702625310334	2.6417030886661	2.02277963815263e-06	0.000318184478050511
"Zm00001eb301260"	2.60271101284355	6.4693241562492	2.04027472827429e-06	0.000318979536786297
"Zm00001eb355980"	-2.75331170641151	2.87141191115279	2.11133817735799e-06	0.000328089156772477
"Zm00001eb212520"	-3.03916779536479	1.42893791217757	2.14678397057564e-06	0.000331587596419032
"Zm00001eb413850"	-2.61202417977725	4.54733113120524	2.60670246187588e-06	0.000400214677380225
"Zm00001eb040070"	-2.86370502968741	1.98011277460841	2.82246943548412e-06	0.000430762597177457
"Zm00001eb156820"	-2.58907819304244	4.61317543434561	2.94338190366095e-06	0.000445098734623258
"Zm00001eb223210"	-3.34631448431371	0.813559009576638	2.95112265545842e-06	0.000445098734623258
"Zm00001eb079730"	-2.54569179135555	7.50530315767359	2.98833529218229e-06	0.000448075537377508
"Zm00001eb408540"	-4.12197263270649	0.024461306413176	3.03615775886898e-06	0.000451351526996649
"Zm00001eb429330"	-2.5742556082966	5.0076378584775	3.04539056826912e-06	0.000451351526996649
"Zm00001eb085240"	-2.72369852728122	2.59570515230839	3.15800117462114e-06	0.00046532691381813
"Zm00001eb307600"	-4.46505299143868	-0.190769066907082	3.17598322613778e-06	0.00046532691381813
"Zm00001eb100200"	-2.57754286167775	4.32994555381463	3.45601796553443e-06	0.000503478980888084
"Zm00001eb031100"	-2.82079690633916	1.99272649046427	3.70575262259127e-06	0.000536810718888363
"Zm00001eb294520"	-2.82566128819359	1.9472107761346	3.75491590081378e-06	0.000540876649982389
"Zm00001eb324090"	-2.53142564376392	5.75008977084224	3.83796836136174e-06	0.000546717784547294
"Zm00001eb039750"	-2.96063196371215	1.36067547617961	3.83811237201688e-06	0.000546717784547294
"Zm00001eb197370"	2.53081570219779	5.78629263131407	3.87630084320584e-06	0.000549106926076231
"Zm00001eb422120"	-5.09157013831145	-0.478723698340951	3.91827586699843e-06	0.000552003259504613
"Zm00001eb188080"	-7.86021683598165	-0.838345056637049	4.01769210157372e-06	0.00056291598625328
"Zm00001eb354270"	-3.29575998484182	0.769166575132881	4.23162304833315e-06	0.000589667472604685
"Zm00001eb023570"	2.52052664901924	5.43716138490776	4.42144303621495e-06	0.000612788105127305
"Zm00001eb081100"	3.94223138079833	-0.020516589997519	4.49051520810007e-06	0.000619015107181107
"Zm00001eb023220"	2.60956912856359	3.3536863725677	4.571585436786e-06	0.000624408442490047
"Zm00001eb361760"	2.51409852805579	5.46724556474832	4.57834583417039e-06	0.000624408442490047
"Zm00001eb433540"	-2.54333684527762	4.27547975474282	4.83744815462659e-06	0.000656254871347226
"Zm00001eb378280"	-2.48175239598596	7.4289466347168	4.988710497906e-06	0.000673213353506894
"Zm00001eb071880"	-2.74999116342051	2.11502045914176	5.03923059223018e-06	0.000676470536045978
"Zm00001eb340160"	-2.87040580509185	1.51087902501418	5.36688075531616e-06	0.000716702200866179
"Zm00001eb017400"	-2.47100874190661	5.80710485794056	6.13811087306421e-06	0.00081025019455141
"Zm00001eb073030"	2.54168298627043	3.73858825355249	6.15554143045281e-06	0.00081025019455141
"Zm00001eb099130"	-3.10792307143171	1.00268149211457	6.16219921753217e-06	0.00081025019455141
"Zm00001eb116010"	-2.44910958744298	8.73869691422376	6.31293923402766e-06	0.000825835520206475
"Zm00001eb429440"	2.50709538842844	4.10852777493653	6.74539447769317e-06	0.000877928499533264
"Zm00001eb207130"	-3.29988970635552	0.611263458285116	7.21780037774355e-06	0.000931647721297752
"Zm00001eb285920"	-2.5931073656422	2.78418362699254	7.23080719727975e-06	0.000931647721297752
"Zm00001eb047120"	2.84554392100296	1.59172409172734	7.27732848943134e-06	0.000932953512345098
"Zm00001eb171850"	7.76880619200385	-0.874056987744907	7.51724632112636e-06	0.000954169285513267
"Zm00001eb384070"	-7.75377915943612	-0.932279601325009	7.51724632112636e-06	0.000954169285513267
"Zm00001eb171130"	-2.66079732845985	2.31205174231922	7.56136032553625e-06	0.000955040782003692
"Zm00001eb155720"	2.54430070698018	3.12773153564506	7.78163205838502e-06	0.000972764493982489
"Zm00001eb032850"	-3.45622113639264	0.357041087748123	7.81550256475791e-06	0.000972764493982489
"Zm00001eb392630"	3.36327221816322	0.3869158693769	7.81550256475791e-06	0.000972764493982489
"Zm00001eb049040"	-2.81721130596108	1.46516506315495	7.89741605375543e-06	0.000978211341151156
"Zm00001eb228500"	-2.6449165467292	2.40144974875247	7.94906110706339e-06	0.000979874648005314
"Zm00001eb262550"	-3.28055578995125	0.594410655932191	8.25431577143439e-06	0.00100729958041747
"Zm00001eb417160"	3.17430563718909	0.611234296250915	8.25431577143439e-06	0.00100729958041747
"Zm00001eb052520"	-2.46579843571544	4.40070748470872	8.2893998232483e-06	0.00100729958041747
"Zm00001eb009340"	-2.48585085769799	3.62285479268573	8.89571739470341e-06	0.00107587827358583
"Zm00001eb368740"	-3.43318213738472	0.336935436297494	9.13432799177562e-06	0.00109955009253111
"Zm00001eb248370"	-2.69602714312954	1.88567120673197	9.28965393169425e-06	0.00110903622515435
"Zm00001eb385450"	-2.72516726519066	1.75611220978533	9.29964073354853e-06	0.00110903622515435
"Zm00001eb264170"	-2.54473868537234	2.88381296784546	9.60723688132736e-06	0.00113641317028435
"Zm00001eb414530"	-2.47762526197059	3.57659590167035	9.61784937409139e-06	0.00113641317028435
"Zm00001eb106380"	-2.62060847465169	2.34724945642348	9.70771273479918e-06	0.00114176951614794
"Zm00001eb078340"	-2.40327070312585	6.42459300524897	9.77137170747395e-06	0.00114400899808051
"Zm00001eb342740"	2.5914759104558	2.38639585761673	9.82301099322075e-06	0.00114482728120991
"Zm00001eb397980"	-2.43186208058691	4.61814488290946	1.0198343091291e-05	0.00118319238398507
"Zm00001eb144990"	7.71658375187085	-0.919476906939026	1.03809592053649e-05	0.00119357755168411
"Zm00001eb200790"	-7.69746297737303	-0.981619931818627	1.03809592053649e-05	0.00119357755168411
"Zm00001eb421690"	2.40220222659708	5.4074289524329	1.08941767249604e-05	0.00124699415726778
"Zm00001eb138650"	-2.43908274618861	4.03485891454059	1.10573928608678e-05	0.00126005134645622
"Zm00001eb401390"	3.43754259917282	0.208542584194268	1.136335185655e-05	0.00128918735222099
"Zm00001eb336480"	-2.90259459023412	0.936679801703539	1.16887239283766e-05	0.0013202593899717
"Zm00001eb123000"	-2.50592861287957	2.93769053806449	1.21364601407379e-05	0.00136481946494965
"Zm00001eb303250"	-4.25417358791616	-0.376982382959172	1.24310261904248e-05	0.00138374319588388
"Zm00001eb197170"	-4.25417358791616	-0.376982382959172	1.24310261904248e-05	0.00138374319588388
"Zm00001eb336020"	-2.52884202411528	2.6276849576166	1.24666411173626e-05	0.00138374319588388
"Zm00001eb071050"	-2.63244256261145	1.92604245962117	1.35180522023215e-05	0.00148947237311162
"Zm00001eb343900"	-2.37290156003064	5.55727081920056	1.35353768695401e-05	0.00148947237311162
"Zm00001eb008920"	-2.36719566535793	5.36689802462142	1.42090969126583e-05	0.00155692839675453
"Zm00001eb019280"	2.87391659448644	1.21549659544196	1.43104957138384e-05	0.00156136642596943
"Zm00001eb134680"	7.66239974569264	-0.966388024405114	1.44320652367268e-05	0.00156795827402405
"Zm00001eb316830"	-2.98522448713093	0.896593716939657	1.45477866624984e-05	0.00157386181445763
"Zm00001eb056340"	2.36991789051827	4.94853390383617	1.49296229350191e-05	0.00160828670849714
"Zm00001eb139830"	-2.6378531190411	1.83622384292049	1.49914400675046e-05	0.00160828670849714
"Zm00001eb238620"	-2.71437788356672	1.44600191035892	1.50908197698493e-05	0.00161220257874556
"Zm00001eb104130"	-2.59970591098368	2.02924997472156	1.53690384141528e-05	0.00162970889595654
"Zm00001eb126170"	-3.07551105471942	0.722692541992951	1.5445369021741e-05	0.00162970889595654
"Zm00001eb335390"	2.98047648789324	0.74871048756329	1.5445369021741e-05	0.00162970889595654
"Zm00001eb189510"	2.35515939387816	5.42039350170359	1.57437161537667e-05	0.0016518329179481
"Zm00001eb395670"	4.11358619943905	-0.384218612027617	1.57838948867896e-05	0.0016518329179481
"Zm00001eb124960"	-2.36690394030093	4.47958689910071	1.66579497167536e-05	0.00173621882413643
"Zm00001eb406950"	2.34361138392367	5.42900212739015	1.70506619035266e-05	0.00176995534901385
"Zm00001eb082310"	-3.63462984405701	-0.0276162866914099	1.76061175459774e-05	0.00182024537854379
"Zm00001eb049790"	-2.35437160152126	4.25406910607976	1.93907053294617e-05	0.00199669752870441
"Zm00001eb371350"	4.74916786773387	-0.665182874350865	1.95117728148122e-05	0.00200112741988714
"Zm00001eb063420"	-2.45385806130105	2.7150179022324	1.97684777352632e-05	0.00201472843024967
"Zm00001eb226680"	-3.03904105466971	0.691330169872395	1.98015430742167e-05	0.00201472843024967
"Zm00001eb255390"	7.60610104323837	-1.01489173056266	2.02048913314176e-05	0.00203958036904546
"Zm00001eb082040"	7.60610104323837	-1.01489173056266	2.02048913314176e-05	0.00203958036904546
"Zm00001eb098190"	-2.79669208043407	0.949392607945485	2.04617139299205e-05	0.00205740527514966
"Zm00001eb236640"	-2.52493746630346	2.2320436496287	2.07102954627572e-05	0.00207426552994177
"Zm00001eb245520"	-2.39575243420727	3.23044216650009	2.13039320816482e-05	0.00212541952752319
"Zm00001eb126620"	3.48368095947808	-0.0444215921024084	2.13954130327462e-05	0.00212627283007601
"Zm00001eb388800"	2.66125196776532	1.56831324837649	2.21270225561462e-05	0.00219048980053895
"Zm00001eb054420"	2.43911744710591	2.72623968471104	2.2532291085802e-05	0.00222203055169216
"Zm00001eb277770"	-2.70758100844077	1.22415711037787	2.26523867564539e-05	0.00222531492887156
"Zm00001eb209940"	-2.74017477367906	1.08727983908929	2.27589989980893e-05	0.00222725471111072
"Zm00001eb189450"	-2.36214225716981	3.51908853439092	2.29482941684593e-05	0.00223724054174637
"Zm00001eb162710"	2.31848012168954	4.55893742693621	2.34306660408044e-05	0.00227561468669025
"Zm00001eb313700"	-2.29804302117509	5.05818398614074	2.47670657819729e-05	0.00238918136006163
"Zm00001eb025720"	-2.69453913973748	1.21314492359081	2.47863588836346e-05	0.00238918136006163
"Zm00001eb022710"	-2.26800697762219	9.86004477792415	2.53199698603647e-05	0.00243147575737735
"Zm00001eb297490"	-4.78079242873228	-0.751344378975642	2.59099710093557e-05	0.00247884946522343
"Zm00001eb016350"	-2.27757872650596	5.59638915846183	2.69393731612606e-05	0.00256775289165324
"Zm00001eb269490"	-2.29704935576886	4.44785663022087	2.81910109958424e-05	0.00267710193308666
"Zm00001eb213230"	-7.51398587139884	-1.14053264005223	2.84940775186659e-05	0.00269589722353725
"Zm00001eb165460"	2.2694758046556	5.74772308742448	2.86928728178102e-05	0.00270472521709064
"Zm00001eb026440"	3.07900125058746	0.350127200799675	2.88342667559364e-05	0.00270809743451358
"Zm00001eb242480"	-2.53735508159844	1.79945967902365	2.92228036811052e-05	0.0027345718481151
"Zm00001eb213670"	-2.27985945565142	4.54676187905316	3.07384612453219e-05	0.0028659423502911
"Zm00001eb213720"	-3.54176230971997	-0.107868806696063	3.18128874736734e-05	0.00295537114067024
"Zm00001eb311160"	2.81024327500389	0.73488557466123	3.24667428436923e-05	0.00300522486105513
"Zm00001eb119800"	-2.3728367661968	2.82621200143154	3.26455145268267e-05	0.00301090285060373
"Zm00001eb429870"	-2.29330727236231	3.95053801288631	3.31787921408649e-05	0.00304911910570529
"Zm00001eb095360"	2.24332507744814	6.13145826157937	3.34794452311067e-05	0.00306576062759134
"Zm00001eb362380"	-2.26518895703903	4.52249646457362	3.43771445659594e-05	0.00313676151840284
"Zm00001eb071510"	-4.73038047097535	-0.794814902318243	3.45784975955117e-05	0.00314394566790397
"Zm00001eb163240"	-2.27273057531223	4.21690455138407	3.56474092766855e-05	0.0032296804729831
"Zm00001eb167090"	2.42191101026679	2.20931306853855	3.58859990253556e-05	0.00323984864440183
"Zm00001eb002910"	3.62824540426727	-0.290928067484749	3.69546257141108e-05	0.00332461966073614
"Zm00001eb221650"	2.505089278519	1.77551915578439	3.74072421953608e-05	0.00335357234226941
"Zm00001eb355990"	-2.23004576199633	5.86814365535735	3.79645085153935e-05	0.00339167246806512
"Zm00001eb427310"	-2.32294565684245	2.96258333150837	3.82843836831684e-05	0.0034083736029043
"Zm00001eb146510"	-2.27239714609254	3.88646172492614	3.88153049224582e-05	0.0034436831079994
"Zm00001eb069320"	-2.30316192798074	3.41750002372269	3.92310212982508e-05	0.00346417517119218
"Zm00001eb316290"	-2.31895613226817	2.95928438385716	3.93759757073085e-05	0.00346417517119218
"Zm00001eb340760"	-3.11911185113839	0.274054588490037	3.94516049137331e-05	0.00346417517119218
"Zm00001eb427620"	2.41356298954564	2.1665792828552	4.00937542199948e-05	0.00350854559112855
"Zm00001eb059710"	7.48645055654912	-1.11713752156118	4.04915838423148e-05	0.00351933630412526
"Zm00001eb219610"	-7.44724748139723	-1.19760175440449	4.04915838423148e-05	0.00351933630412526
"Zm00001eb340640"	-2.88462188440589	0.690638979090119	4.14791082050081e-05	0.00359298761613652
"Zm00001eb332100"	-2.48362422395975	1.75454789472181	4.23777541888744e-05	0.00365677263233612
"Zm00001eb418810"	-4.05133398969083	-0.552712951779653	4.25190157639541e-05	0.00365677263233612
"Zm00001eb318080"	-2.33868415443624	2.8187456601327	4.26433313989274e-05	0.00365677263233612
"Zm00001eb002510"	-2.24742738543872	4.11030723288852	4.29936913733495e-05	0.0036745274893756
"Zm00001eb333330"	-2.2249529509625	4.8537270350757	4.35540627178877e-05	0.00371005371457356
"Zm00001eb075660"	-2.29682673744521	3.09920897457158	4.43325515908633e-05	0.00376386298936999
"Zm00001eb404120"	-2.54425926770248	1.36819617456455	4.53279018017463e-05	0.00383566799404876
"Zm00001eb245380"	2.73412437262298	1.00181910712966	4.57589194793637e-05	0.00385940360345686
"Zm00001eb374040"	-2.22073349689701	4.75736115710571	4.63538832396017e-05	0.0038967657910275
"Zm00001eb090980"	-2.23669445665891	4.20972932748726	4.68465024982507e-05	0.00392530824854623
"Zm00001eb091110"	3.19932207233097	0.00577375009577881	4.78491535250824e-05	0.00399626155173652
"Zm00001eb371220"	2.8001956507655	0.596709628667949	4.86384927041132e-05	0.00404899660043332
"Zm00001eb150790"	-2.36369331719029	2.19797754645886	4.88942113310588e-05	0.00405711190462248
"Zm00001eb051970"	2.57900258396903	1.36631310906867	4.91282177400977e-05	0.0040633790414713
"Zm00001eb298560"	-2.31982871983003	2.71783204816765	4.95960899990155e-05	0.00408888664815034
"Zm00001eb009940"	-2.27501944628315	3.25362981480196	5.00868569381369e-05	0.00411611221760843
"Zm00001eb284560"	-2.8155416399258	0.752050469110284	5.10499649829515e-05	0.00418185655643092
"Zm00001eb151750"	-2.22416740078164	4.20686581202149	5.12645411398292e-05	0.00418605998351981
"Zm00001eb401630"	-2.43515320093667	1.8490439760314	5.315114355134e-05	0.00432633435129003
"Zm00001eb370290"	-2.18710923058248	5.60132086228431	5.33430919386728e-05	0.0043282179661632
"Zm00001eb224430"	-2.16793779058207	8.28107618080937	5.38911839735199e-05	0.00435889576366262
"Zm00001eb280930"	-2.18199068302403	5.64864317789061	5.47411936387936e-05	0.00440023402573425
"Zm00001eb404560"	-2.16826325788876	7.22648642618171	5.47455013342132e-05	0.00440023402573425
"Zm00001eb004650"	2.34820473129106	2.40661098785523	5.60577099172508e-05	0.00447237964556213
"Zm00001eb096400"	-2.60569414806422	0.974480862597707	5.61551742058505e-05	0.00447237964556213
"Zm00001eb041010"	3.07914738877409	0.144970331162018	5.61663902445791e-05	0.00447237964556213
"Zm00001eb337950"	-2.68312523913387	0.751379668332462	5.74840442876491e-05	0.00453457544211202
"Zm00001eb222730"	2.18645081311207	4.91980535322143	5.7869942628939e-05	0.00453457544211202
"Zm00001eb379570"	-2.48918261600275	1.44460371282199	5.79709713294882e-05	0.00453457544211202
"Zm00001eb091170"	7.42268585655668	-1.17114240930003	5.80014579362886e-05	0.00453457544211202
"Zm00001eb313050"	-7.37727142691321	-1.25699635837066	5.80014579362886e-05	0.00453457544211202
"Zm00001eb096870"	-2.19293138812314	4.50514787880022	5.81075481117343e-05	0.00453457544211202
"Zm00001eb253650"	-3.44250300944461	-0.192806418217031	5.87160314657251e-05	0.00453457544211202
"Zm00001eb428240"	-3.44250300944461	-0.192806418217031	5.87160314657251e-05	0.00453457544211202
"Zm00001eb240460"	-3.44250300944461	-0.192806418217031	5.87160314657251e-05	0.00453457544211202
"Zm00001eb353720"	3.32883306200802	-0.175560785931994	5.87160314657251e-05	0.00453457544211202
"Zm00001eb184470"	2.15477062367379	8.07253636552131	5.95337646100794e-05	0.00458392109490221
"Zm00001eb278400"	-2.16144700769029	6.23473480326678	6.06068936064932e-05	0.00465257710200744
"Zm00001eb168350"	-2.15789138687351	6.40357007499856	6.17533156009904e-05	0.00472643287166983
"Zm00001eb260160"	-4.62394279442982	-0.885850680328992	6.25587787063227e-05	0.00476948824612243
"Zm00001eb278150"	-2.49581003240605	1.32792186486913	6.26878915344484e-05	0.00476948824612243
"Zm00001eb017350"	-2.1793835936268	4.48813732784668	6.44293792193414e-05	0.0048623745309769
"Zm00001eb097950"	2.22870866302931	3.32531393167065	6.44481124127497e-05	0.0048623745309769
"Zm00001eb266160"	-2.18446705315816	4.3354490480694	6.45020576726888e-05	0.0048623745309769
"Zm00001eb040350"	-2.1718708809736	4.87504399629805	6.4667305579685e-05	0.0048623745309769
"Zm00001eb283860"	2.22881431387271	3.43764043707124	6.54151717095574e-05	0.0048907143196835
"Zm00001eb373510"	2.7199561223564	0.887994743800795	6.54257024825054e-05	0.0048907143196835
"Zm00001eb134560"	-2.27538390310966	2.80737044836931	6.57044178112482e-05	0.0048972711415128
"Zm00001eb141120"	2.13894385865255	7.55246241120422	6.73748107555058e-05	0.00500721781962658
"Zm00001eb179050"	-2.14922840890363	5.68187553467759	6.85625011747686e-05	0.00507493079842572
"Zm00001eb133440"	-2.54271220550482	1.08614862763439	6.88680216626974e-05	0.00507493079842572
"Zm00001eb288680"	-2.63091324883558	0.810303013216206	6.90001691903481e-05	0.00507493079842572
"Zm00001eb103520"	-2.57402740626661	0.948177541832801	6.90776462032207e-05	0.00507493079842572
"Zm00001eb309340"	-2.35267316959849	2.08854990256094	7.20701453597553e-05	0.00527965293435465
"Zm00001eb016870"	3.51897803852291	-0.383137450839532	7.34785411336704e-05	0.00536749229249946
"Zm00001eb147530"	-2.16843097597254	4.10072894933461	7.66954863769574e-05	0.00558656895086701
"Zm00001eb259000"	-2.19214582429199	3.49074216348474	7.84746102119007e-05	0.00569996885505137
"Zm00001eb415840"	-3.12351641396167	0.0711016534124686	7.98418438940888e-05	0.00578289513402383
"Zm00001eb029960"	-2.18484950773709	3.55478520475404	8.14207531781512e-05	0.00588064256757126
"Zm00001eb344420"	2.48632950417743	1.35738098093084	8.27751615304909e-05	0.005934022700836
"Zm00001eb268980"	-2.44431102851827	1.3477071859739	8.27751615304909e-05	0.005934022700836
"Zm00001eb116970"	7.3559720144404	-1.22726956220492	8.37798836857501e-05	0.005934022700836
"Zm00001eb233430"	7.3559720144404	-1.22726956220492	8.37798836857501e-05	0.005934022700836
"Zm00001eb021080"	7.3559720144404	-1.22726956220492	8.37798836857501e-05	0.005934022700836
"Zm00001eb118440"	-7.30372748364853	-1.3189138737331	8.37798836857501e-05	0.005934022700836
"Zm00001eb099230"	-7.30372748364853	-1.3189138737331	8.37798836857501e-05	0.005934022700836
"Zm00001eb346920"	-4.56762661236673	-0.933593544607842	8.48374941955684e-05	0.0059759157999296
"Zm00001eb056650"	4.50512746360682	-0.872783310527579	8.48374941955684e-05	0.0059759157999296
"Zm00001eb060950"	2.25278206410727	2.57228068447605	8.69808951160799e-05	0.00611011000212682
"Zm00001eb414900"	-2.85837518166574	0.394052430933417	8.92043240229716e-05	0.00624917723483331
"Zm00001eb298190"	-2.13252967742594	4.44401642685451	9.00093259088043e-05	0.00628838996267505
"Zm00001eb159020"	-2.10942976261038	5.35586649689556	9.33505871568922e-05	0.00650410069212694
"Zm00001eb040790"	-2.47973195352376	1.10952250195676	9.5024091636047e-05	0.00659467589697935
"Zm00001eb408430"	-2.79843926080761	0.487445326647563	9.51649797926038e-05	0.00659467589697935
"Zm00001eb380860"	-2.11609214335532	4.61531495851548	9.81486811018614e-05	0.00678310561577285
"Zm00001eb141720"	-2.29873475942259	2.11185269284832	9.98487727798778e-05	0.00688204982278513
"Zm00001eb129480"	2.21837256867133	2.64064932464982	0.0001003369139365	0.0068971540839996
"Zm00001eb296510"	-2.3005095910376	2.04568382882187	0.000102383823814906	0.00701904075565291
"Zm00001eb429290"	3.07935057617864	-0.0944750652766027	0.000102970444968718	0.0070404325573278
"Zm00001eb397970"	-2.96191715703435	0.141364143569506	0.00010466756463456	0.00713743712029287
"Zm00001eb067860"	-2.58894695347061	0.673301158044759	0.00010533717292914	0.0071640453949686
"Zm00001eb323310"	-2.13243868215592	3.80022098698963	0.000106744829587447	0.00724057521328608
"Zm00001eb267200"	-2.12892885294896	3.66053567744651	0.000110712313475604	0.00747887527933511
"Zm00001eb296630"	-3.3359066319945	-0.283008148945507	0.000110841365294358	0.00747887527933511
"Zm00001eb214820"	-2.09035590358029	4.92195409564407	0.00011337497203033	0.00762974877390459
"Zm00001eb369970"	-2.72662226659588	0.557897500341261	0.000114485863861874	0.00767760599494924
"Zm00001eb326840"	-2.21232895907528	2.49150503264814	0.000114684988146083	0.00767760599494924
"Zm00001eb027960"	2.2173222403674	2.51822994702429	0.000115476379985305	0.00770596654226669
"Zm00001eb202840"	-4.50902249257917	-0.982953106009456	0.000115709716020775	0.00770596654226669
"Zm00001eb398830"	-2.08620228381379	4.93109902224075	0.000116270696270949	0.00772326593882676
"Zm00001eb214550"	3.44124661828201	-0.448090109218879	0.00011803663554138	0.0078203083598992
"Zm00001eb154420"	2.07727013392392	5.03319332675165	0.000121293613016309	0.00798544627108564
"Zm00001eb044520"	7.28602294738319	-1.28569276339511	0.00012207925908495	0.00798544627108564
"Zm00001eb217030"	7.21250881376002	-1.34660803373814	0.00012207925908495	0.00798544627108564
"Zm00001eb114220"	7.21250881376002	-1.34660803373814	0.00012207925908495	0.00798544627108564
"Zm00001eb100940"	-2.40689989021796	1.25463270064834	0.000122086386047799	0.00798544627108564
"Zm00001eb311430"	-2.1118159964854	3.78352339416125	0.000122848877140903	0.00801487330761514
"Zm00001eb276800"	-2.45262803622389	1.01188734947166	0.000123376038393612	0.00802883661018329
"Zm00001eb359070"	2.86083568553496	0.167638835814437	0.000123812765051657	0.00803685897702403
"Zm00001eb314130"	-2.09650592691093	4.14667829318997	0.000126810290105138	0.0082106460563024
"Zm00001eb396960"	2.38971701239633	1.40479861025184	0.000128038130927183	0.00824848662556024
"Zm00001eb042020"	-2.36084408102079	1.39624840365622	0.000128038130927183	0.00824848662556024
"Zm00001eb251520"	-2.40657503591489	1.1892600659801	0.00013082995731726	0.00840721830981089
"Zm00001eb334620"	-2.26605634398263	1.9824998044583	0.000131158251826454	0.0084072439420757
"Zm00001eb266800"	-2.04452067573287	7.3958076306786	0.000132645124070235	0.00848134908020154
"Zm00001eb015340"	-2.13803229171159	3.01854682276878	0.000135131563099507	0.00861883899968001
"Zm00001eb200060"	2.05577854269453	4.8693163318846	0.000144521534672711	0.00919486885610003
"Zm00001eb307340"	-2.03223325294323	6.94040067393578	0.00014612152938701	0.00925292337478145
"Zm00001eb146970"	2.30279574673596	1.65822305674305	0.00014615577093551	0.00925292337478145
"Zm00001eb214880"	-2.68426240148402	0.522726764800389	0.000148933875072374	0.00938246819866257
"Zm00001eb249520"	2.58532923002798	0.54851004615591	0.000148933875072374	0.00938246819866257
"Zm00001eb334460"	-2.09655108534469	3.43691638773229	0.000150727741721093	0.00947220416110005
"Zm00001eb061940"	-2.52934023669016	0.624357157003811	0.000153021546625388	0.00959284218942529
"Zm00001eb121700"	-2.11890486176925	2.97057468374897	0.000157898322830182	0.00987442194479478
"Zm00001eb330820"	-2.26211434422202	1.79015538605209	0.000159079476617345	0.00992408219092148
"Zm00001eb260820"	-2.47856529938923	0.780150327787089	0.000159525309869608	0.00992774015790471
"Zm00001eb196560"	2.05892987609557	4.15130865937598	0.000160457460289107	0.00996157211092667
"Zm00001eb260590"	-2.07137104580508	3.70352123382002	0.000162800931609823	0.0100826470687823
"Zm00001eb231200"	2.51528059017921	0.915168330622143	0.000164366224918969	0.0101306490551019
"Zm00001eb124110"	-2.42174511543253	0.907186408220933	0.000164366224918969	0.0101306490551019
"Zm00001eb349940"	-2.7084118040243	0.412589508905601	0.000165882130039331	0.0101995631036173
"Zm00001eb285360"	-2.00656073069223	8.03935020522198	0.000171384311312034	0.0105126644546425
"Zm00001eb178900"	-2.50891120473938	0.607669197848067	0.000173602586914187	0.0105828561915814
"Zm00001eb184940"	-2.50891120473938	0.607669197848067	0.000173602586914187	0.0105828561915814
"Zm00001eb167660"	-2.0630180390177	3.64781198775614	0.000173766866484234	0.0105828561915814
"Zm00001eb054040"	-2.00282960370602	8.64856713663806	0.000174849112208205	0.0106235337370104
"Zm00001eb418610"	-2.30454537856652	1.40547733122946	0.000175402115129513	0.0106319390825549
"Zm00001eb058940"	-2.04125902524282	4.1447087124762	0.000176845422696024	0.0106941430139766
"Zm00001eb080610"	-2.25715246893357	1.65949153486756	0.000178305003476135	0.0107298512372759
"Zm00001eb253240"	-7.22623217794429	-1.38357801046529	0.000179528322183751	0.0107298512372759
"Zm00001eb057310"	7.13504660703717	-1.41023759210227	0.000179528322183751	0.0107298512372759
"Zm00001eb146810"	7.13504660703717	-1.41023759210227	0.000179528322183751	0.0107298512372759
"Zm00001eb223240"	7.13504660703717	-1.41023759210227	0.000179528322183751	0.0107298512372759
"Zm00001eb285970"	-2.17244263617396	2.10494854741327	0.000180671597298813	0.0107730691970734
"Zm00001eb046910"	2.4995354687406	0.902261109071173	0.000182541965336928	0.0108593410469578
"Zm00001eb239380"	1.99419461197722	8.63771366924754	0.00018577138679084	0.011003928664397
"Zm00001eb120450"	2.11636458292646	2.85225110848193	0.000186356443116681	0.011003928664397
"Zm00001eb250990"	-2.73731541220064	0.293375659728815	0.000186785859926182	0.011003928664397
"Zm00001eb041520"	-3.09495192937557	-0.193825228315887	0.000187161325734683	0.011003928664397
"Zm00001eb256520"	-2.1258750030814	2.64488739764969	0.000187323706759803	0.011003928664397
"Zm00001eb184970"	-2.33986119379861	1.1999191350456	0.000187547458125643	0.011003928664397
"Zm00001eb376890"	-2.04684663835597	3.83897381414571	0.000190475103851297	0.0111501864446284
"Zm00001eb239020"	-2.05832335727864	3.42950479651637	0.000194874036874606	0.0113302818093403
"Zm00001eb122700"	2.05372536739927	3.67349143039759	0.000195356091478737	0.0113302818093403
"Zm00001eb100130"	-2.13090403665891	2.44956368765857	0.000195515671373183	0.0113302818093403
"Zm00001eb124950"	-2.04382946360104	3.87918052490361	0.000195666210747646	0.0113302818093403
"Zm00001eb319460"	2.09170276047033	2.99403784791134	0.000195761109264344	0.0113302818093403
"Zm00001eb226490"	-1.98716533644208	7.46006871214633	0.000197794758759057	0.0114222018346446
"Zm00001eb241960"	2.24463368097908	1.65863388242059	0.000202848321739191	0.0116877100435794
"Zm00001eb431970"	3.68780383471081	-0.743417942592313	0.000211692256708106	0.0121699315291387
"Zm00001eb250400"	3.1179945799108	-0.350666768770665	0.000214309569993243	0.0122380787853602
"Zm00001eb299280"	3.1179945799108	-0.350666768770665	0.000214309569993243	0.0122380787853602
"Zm00001eb002280"	3.1179945799108	-0.350666768770665	0.000214309569993243	0.0122380787853602
"Zm00001eb267020"	-2.03074188614025	3.65154701129796	0.000216294528082403	0.0123239815556284
"Zm00001eb407220"	4.33605956388237	-1.01356325708849	0.000219145359825375	0.0124587295475003
"Zm00001eb206150"	-2.07084538733458	2.73869609696274	0.000225199921725618	0.0127746150288603
"Zm00001eb389930"	1.97127518533373	6.58557602603749	0.000225773604751068	0.0127788857082062
"Zm00001eb296220"	-1.96781380169939	7.13722503429893	0.000227489564087558	0.0128451376239191
"Zm00001eb348270"	-2.20952596292519	1.70659107976234	0.000228840909970152	0.0128451376239191
"Zm00001eb414810"	2.16526540554312	2.10175079215364	0.000229314301346649	0.0128451376239191
"Zm00001eb167950"	2.16526540554312	2.10175079215364	0.000229314301346649	0.0128451376239191
"Zm00001eb373660"	2.9484901601759	-0.202285186737099	0.000229449026199491	0.0128451376239191
"Zm00001eb034220"	1.96309149425862	8.62316874004097	0.000230385891167325	0.0128694863824188
"Zm00001eb292780"	-2.18411934478757	1.91607173681647	0.000235612739299966	0.0131328492079373
"Zm00001eb023540"	-1.9643150171892	6.26148717863586	0.000239184972102904	0.01330304270004
"Zm00001eb187760"	-1.9653911413259	6.18474849660048	0.00024076644170618	0.0133620163752088
"Zm00001eb166410"	-2.10939629135527	2.25562563336195	0.000244356006980841	0.0135175871491609
"Zm00001eb307550"	-2.05771236556356	2.78351148393291	0.000244624042012897	0.0135175871491609
"Zm00001eb053550"	-2.84671907084322	0.0456646364709576	0.000246369098197869	0.0135604398240133
"Zm00001eb425050"	3.31618386565348	-0.551414410760194	0.000246457291653284	0.0135604398240133
"Zm00001eb310260"	-2.02256843390316	3.46867458021406	0.000248234152207195	0.0136289585922751
"Zm00001eb426520"	-2.22879890783572	1.49778191040263	0.000251654424515675	0.0137872210354314
"Zm00001eb107100"	-2.2437252701965	1.35627547421139	0.000257433988685918	0.0140737899145137
"Zm00001eb119920"	-2.03955823756975	3.01764388052968	0.000258602876805534	0.0140760683271627
"Zm00001eb023680"	2.06194115981882	2.66908807627709	0.000258861359044867	0.0140760683271627
"Zm00001eb401330"	-2.18991330357718	1.69079125775944	0.000259122630671638	0.0140760683271627
"Zm00001eb025150"	-2.11044147878792	2.17359464014833	0.000259745217038681	0.0140800578538515
"Zm00001eb036470"	2.0456711854895	2.95718950470063	0.000262686914350476	0.0141803220708397
"Zm00001eb297590"	2.30366479332675	1.20819592089449	0.00026397677245608	0.0141803220708397
"Zm00001eb221600"	1.95321036349422	5.90913327198451	0.000264824718028186	0.0141803220708397
"Zm00001eb309580"	1.95780418995513	5.51981815643413	0.000265042816196954	0.0141803220708397
"Zm00001eb266190"	-7.14433668443868	-1.45124365667854	0.000266572357181933	0.0141803220708397
"Zm00001eb424260"	-7.14433668443868	-1.45124365667854	0.000266572357181933	0.0141803220708397
"Zm00001eb381450"	-7.14433668443868	-1.45124365667854	0.000266572357181933	0.0141803220708397
"Zm00001eb200380"	7.05318807808763	-1.47683473793648	0.000266572357181933	0.0141803220708397
"Zm00001eb119430"	7.05318807808763	-1.47683473793648	0.000266572357181933	0.0141803220708397
"Zm00001eb369060"	2.12477984556446	2.00198693400017	0.000270711383331452	0.0143706829578021
"Zm00001eb378380"	-2.32303661926638	0.906565961849458	0.000276628151029885	0.0146544334553848
"Zm00001eb090840"	-3.70879816259044	-0.840899069191143	0.000280890190500934	0.0148238420583536
"Zm00001eb119060"	-2.07229110246721	2.47210920316255	0.000281695067308462	0.0148238420583536
"Zm00001eb146380"	-3.02301987113884	-0.253358152579057	0.000281947499059141	0.0148238420583536
"Zm00001eb163580"	-2.36787455901176	0.779489011454259	0.00028213864760049	0.0148238420583536
"Zm00001eb158970"	2.01254373015586	3.34174470551162	0.000282850813827666	0.0148308688477329
"Zm00001eb080080"	1.95375752563216	5.01411589174394	0.000286086555713333	0.0149462147173447
"Zm00001eb078720"	-2.08266377989114	2.28694769268522	0.000286216514283004	0.0149462147173447
"Zm00001eb433640"	-2.09634617132158	2.10431181922718	0.000289318445874817	0.0150543975145481
"Zm00001eb124880"	-2.90649196044889	-0.109839875706357	0.00028975903339321	0.0150543975145481
"Zm00001eb350150"	-2.02184201199079	3.0484847465335	0.000290049624500264	0.0150543975145481
"Zm00001eb295720"	2.23611400820164	1.39657981837258	0.000297057625587986	0.0153869848890423
"Zm00001eb262560"	-4.31741111639093	-1.14192694461223	0.000304436722962586	0.01570574965143
"Zm00001eb228760"	4.27499426828509	-1.06375228656433	0.000304436722962586	0.01570574965143
"Zm00001eb068650"	-2.14015295753015	1.91571567455353	0.000306110030370951	0.015760363812673
"Zm00001eb040730"	-1.94601785506814	4.67051575141162	0.000313888090264587	0.0161284381450581
"Zm00001eb214110"	-1.94358724370278	4.62186402023816	0.000317290756796507	0.0162424405465605
"Zm00001eb012040"	1.92946896284628	5.7640330279351	0.000317373740788877	0.0162424405465605
"Zm00001eb114330"	-1.96203718168099	3.94248391654928	0.000320179650076157	0.0163533988604635
"Zm00001eb061730"	-1.93893688070136	4.77975827003268	0.000322144186415986	0.016421027713133
"Zm00001eb022110"	2.17480375128433	1.55495767365591	0.000325256790365404	0.0165467938590654
"Zm00001eb068510"	-2.40218752526092	0.521228758820262	0.000330621525810074	0.0167864077658818
"Zm00001eb223620"	2.02339040757945	2.81538534581105	0.000332516959306553	0.0168434409978275
"Zm00001eb153970"	-2.15998514911054	1.66676377440304	0.00033305868119729	0.0168434409978275
"Zm00001eb004760"	2.19264476599185	1.46922636131701	0.000334934463044511	0.0169049599064198
"Zm00001eb108330"	1.98456474653715	3.21356465200946	0.000335775344356035	0.0169141057549877
"Zm00001eb337190"	-3.13862344003765	-0.446990833999959	0.00033729775356744	0.0169242943277283
"Zm00001eb393460"	-3.13862344003765	-0.446990833999959	0.00033729775356744	0.0169242943277283
"Zm00001eb121900"	-2.18617830332812	1.4141727506156	0.000340238522534141	0.01703850726128
"Zm00001eb239330"	-2.63257652627899	0.20749534929285	0.000344991124486001	0.0172092848868114
"Zm00001eb074910"	2.55513644712555	0.253304711497462	0.000344991124486001	0.0172092848868114
"Zm00001eb382290"	-1.99366592875586	3.12584864704048	0.000347882850623725	0.0173198374562957
"Zm00001eb240910"	-1.94135335861296	4.17914961658234	0.000350763504493851	0.0173547854739604
"Zm00001eb392600"	-2.78547627211809	-0.00465300746823511	0.000351022087860264	0.0173547854739604
"Zm00001eb227760"	1.91473931613197	5.63635238902243	0.000351086715716541	0.0173547854739604
"Zm00001eb018720"	1.9201025869288	5.13482025891395	0.000351292264469012	0.0173547854739604
"Zm00001eb264140"	-2.33045866807148	0.749366471490665	0.000353788163087862	0.0174444778876399
"Zm00001eb165310"	-1.91330103197851	5.58173094353871	0.000355642177480622	0.0174996491689661
"Zm00001eb104160"	-2.00429888185322	2.72278960749202	0.000356272108666159	0.0174996491689661
"Zm00001eb229880"	1.94504096310253	3.96792897456209	0.000360418027749402	0.0176694421252288
"Zm00001eb033080"	-1.95590283611488	3.5220222343263	0.000361320144720077	0.0176798635698908
"Zm00001eb032970"	-1.90245561367339	6.25353960598441	0.000363798448440542	0.0177446913765116
"Zm00001eb224180"	1.91054762576431	5.55969695878289	0.000364029160064161	0.0177446913765116
"Zm00001eb004630"	-2.05850203066601	2.07416336996794	0.000367595039175836	0.017884510065405
"Zm00001eb398970"	1.89950802822725	6.36127458930274	0.000370221813671335	0.0179781956487368
"Zm00001eb277630"	-3.65248198052735	-0.887145792244002	0.000374460795555769	0.0181496688053874
"Zm00001eb113080"	-2.37986160481423	0.503306434630463	0.000377103862444067	0.0182432887416338
"Zm00001eb292280"	1.92739693923749	4.22232071914039	0.000378885813170793	0.018294975988134
"Zm00001eb271090"	2.07879766502405	1.89479401425722	0.000379921089793409	0.0183104825983139
"Zm00001eb348300"	-1.99084728704754	2.7303311920281	0.000387783428198743	0.0186322147672132
"Zm00001eb012560"	-1.96041456659683	3.21840062352503	0.000388062081433821	0.0186322147672132
"Zm00001eb246190"	-2.09687014209014	1.94861912234446	0.00038877671218639	0.0186322147672132
"Zm00001eb404100"	-1.97281459178271	3.03878484404113	0.000397364257520642	0.0188462736345903
"Zm00001eb144930"	-1.88211870160039	9.13637361345233	0.000397817540481387	0.0188462736345903
"Zm00001eb250110"	2.09210069328518	1.7926234447677	0.000398677542859123	0.0188462736345903
"Zm00001eb078320"	-2.23831058208645	0.985072738784311	0.000398713417169527	0.0188462736345903
"Zm00001eb168900"	-7.05751107727426	-1.52220296196747	0.000399858535772899	0.0188462736345903
"Zm00001eb374130"	-7.05751107727426	-1.52220296196747	0.000399858535772899	0.0188462736345903
"Zm00001eb132010"	-7.05751107727426	-1.52220296196747	0.000399858535772899	0.0188462736345903
"Zm00001eb075600"	-7.05751107727426	-1.52220296196747	0.000399858535772899	0.0188462736345903
"Zm00001eb371780"	6.96640402023068	-1.54668992651596	0.000399858535772899	0.0188462736345903
"Zm00001eb305300"	-2.04804492013828	1.9742732002221	0.000403192781093083	0.0189685557930764
"Zm00001eb314610"	1.98803213192031	2.71137290558538	0.00040398981291231	0.0189712432290689
"Zm00001eb289000"	-1.89841119636005	5.15238569095675	0.000407273059644151	0.0190904593222597
"Zm00001eb400520"	3.22634837519229	-0.624697354497368	0.000409801862681976	0.0191739411663611
"Zm00001eb328250"	-2.00210472234689	2.6067566778583	0.000411873477458946	0.0192152169083766
"Zm00001eb427650"	2.59053345575305	0.124605619987578	0.000412182890000278	0.0192152169083766
"Zm00001eb138600"	-1.91534057289141	4.05160192014854	0.000414473992652397	0.0192869567542785
"Zm00001eb279820"	-2.21073388196984	1.09591467706935	0.000416767553928289	0.0193585508744951
"Zm00001eb045990"	-2.75385153650619	-0.0304793369740822	0.000420073535791819	0.019476827229118
"Zm00001eb345950"	-1.96369619283824	3.10211478883955	0.000421365915099246	0.0195014838684922
"Zm00001eb172590"	1.87811620440846	6.62096803219905	0.000423448902524774	0.0195358052190671
"Zm00001eb200650"	1.88005693254209	6.22889413351721	0.000423631345624075	0.0195358052190671
"Zm00001eb305200"	-4.24743506190691	-1.19901766567819	0.000425708813909741	0.0195723027122249
"Zm00001eb106300"	-1.99677366320268	2.60253570602045	0.000425949489603023	0.0195723027122249
"Zm00001eb344870"	-2.94731224516171	-0.315428034919412	0.000428778244700269	0.0196658474206069
"Zm00001eb155230"	2.103673044764	1.63629167367663	0.000429519288437593	0.0196658474206069
"Zm00001eb033790"	-1.90018741901166	4.43233303554152	0.000431384004572311	0.0196992232776444
"Zm00001eb180470"	2.3495169235378	0.780547121483226	0.000431784847193298	0.0196992232776444
"Zm00001eb122680"	1.88484519473913	5.40067129174563	0.000433101955886326	0.0197242169607911
"Zm00001eb127000"	-2.0010679056859	2.41549620516167	0.000442548816392422	0.0201187086033718
"Zm00001eb165430"	-2.19130825599288	1.14251234882668	0.000443973413509378	0.0201461635812273
"Zm00001eb050130"	2.03647389823978	2.21228633174503	0.000444724203860166	0.0201461635812273
"Zm00001eb346800"	-2.13578035226425	1.42328569082621	0.000447710209240342	0.0202456609610624
"Zm00001eb019300"	2.02538996103802	2.25906456019581	0.000450557149619032	0.0203385304863239
"Zm00001eb110240"	-2.5359328812964	0.271536731506762	0.000457644895461321	0.0206014450612391
"Zm00001eb277100"	1.88865341283022	4.67625874935653	0.000457988443249076	0.0206014450612391
"Zm00001eb381590"	1.89530052938227	4.47323303200946	0.000460248315885744	0.0206668420653424
"Zm00001eb165890"	1.97969963599472	2.58275284183481	0.000461290383519808	0.0206774220864473
"Zm00001eb237570"	-1.90035191285256	4.21604901446971	0.000463912936638375	0.0207586870775008
"Zm00001eb116650"	-1.88148328942735	4.86432203884722	0.000465848935351733	0.0207717527953167
"Zm00001eb377770"	1.9022115294611	4.10673983115968	0.000465932871704681	0.0207717527953167
"Zm00001eb108040"	-2.25359697623297	0.850895187469081	0.000466635320206803	0.0207717527953167
"Zm00001eb075400"	2.05307127639398	2.04462122024052	0.000468456351391194	0.0208166739162396
"Zm00001eb214420"	1.86595580924199	5.86919627420474	0.000479664961943475	0.0212778713221984
"Zm00001eb380130"	-1.92970611301813	3.14256338769823	0.000480783598614931	0.0212906588402191
"Zm00001eb069050"	-2.12371973449478	1.41369873159708	0.000481730023737271	0.0212957893252131
"Zm00001eb364420"	-1.91113190365234	3.51715021745933	0.000483180518361063	0.0213231471441956
"Zm00001eb063140"	2.3559524437865	0.481332798058713	0.000491949949065451	0.0216728465533302
"Zm00001eb231540"	1.90262328092329	3.70147749479021	0.000500689856155917	0.0220018413875111
"Zm00001eb216880"	1.89147353286219	4.09830814416479	0.000501133984801346	0.0220018413875111
"Zm00001eb025540"	-1.88142846877436	4.31345131656344	0.000505817806077679	0.0221695188851824
"Zm00001eb059500"	-2.80245894912097	-0.194844127397959	0.000518414979375681	0.022629848770839
"Zm00001eb260690"	2.69114943753664	-0.173561139419437	0.000518414979375681	0.022629848770839
"Zm00001eb188410"	-2.23570197225498	0.836637648364325	0.000518974234266681	0.022629848770839
"Zm00001eb017620"	-1.86124850784254	5.10708811093587	0.000520378667491188	0.022629848770839
"Zm00001eb053680"	-1.94420315020345	2.67534500284231	0.000520733649562989	0.022629848770839
"Zm00001eb342280"	2.80456509811891	-0.318895383002501	0.000530697086883243	0.0230139628236819
"Zm00001eb133860"	-3.25970501825216	-0.711583854194407	0.000531367628378304	0.0230139628236819
"Zm00001eb316180"	-1.90597750986635	3.38739216961321	0.000535828353042614	0.0230257981367154
"Zm00001eb349490"	-1.99409202601896	2.10931482536958	0.000536149281898521	0.0230257981367154
"Zm00001eb384360"	-3.05148038111328	-0.518125296387776	0.000537105629543068	0.0230257981367154
"Zm00001eb288900"	-3.05148038111328	-0.518125296387776	0.000537105629543068	0.0230257981367154
"Zm00001eb091180"	2.95810392411697	-0.480587942877135	0.000537105629543068	0.0230257981367154
"Zm00001eb065740"	-1.97963770478816	2.28082054228058	0.000537979302625291	0.0230257981367154
"Zm00001eb323300"	-1.93347798911432	2.78969931360139	0.00053811715746105	0.0230257981367154
"Zm00001eb206210"	2.31394965336393	0.752035888641852	0.000538825229408317	0.0230257981367154
"Zm00001eb337590"	-2.1260438636071	1.31517550932042	0.000550087664263154	0.0234679662424414
"Zm00001eb021720"	1.84255188437046	6.06329993613896	0.000555533244266349	0.0236450044556038
"Zm00001eb323460"	-1.84930927786831	5.15186066089022	0.000556081813054957	0.0236450044556038
"Zm00001eb251690"	-1.93308160821775	2.70276882318997	0.000557366052803641	0.0236603734998102
"Zm00001eb248930"	1.87374057016191	4.09848596353567	0.000560023231907165	0.0237338771340491
"Zm00001eb144960"	-1.82835979929902	11.2472159484743	0.000565297726388769	0.0238789361301107
"Zm00001eb318600"	-1.92545073870402	2.83297796553492	0.000565308667354804	0.0238789361301107
"Zm00001eb014240"	1.85817778625383	4.38275540834108	0.000574944080572226	0.0242459970820261
"Zm00001eb305780"	-2.0670180756101	1.63367562206293	0.000576735734153993	0.0242816161308841
"Zm00001eb123240"	-1.88114304358749	3.62766375353621	0.000585494407095446	0.0246099616359463
"Zm00001eb015950"	-1.88144949232265	3.54318781128947	0.000586993519018057	0.0246325921892357
"Zm00001eb206040"	-1.81979283381781	10.1238063264762	0.000599143086767089	0.0250689933801411
"Zm00001eb159770"	4.14451572617637	-1.16975408590331	0.00059934839867498	0.0250689933801411
"Zm00001eb305290"	-2.688443164885	-0.0835480522411861	0.000604761391572493	0.0251927392842162
"Zm00001eb205400"	-6.96512353141787	-1.59679298177822	0.00060623713488149	0.0251927392842162
"Zm00001eb238440"	-6.96512353141787	-1.59679298177822	0.00060623713488149	0.0251927392842162
"Zm00001eb169880"	-6.96512353141787	-1.59679298177822	0.00060623713488149	0.0251927392842162
"Zm00001eb047060"	-1.88413941458841	3.39201011625926	0.000615809367955455	0.0255125501181925
"Zm00001eb316920"	-1.81996328947035	6.91333738977162	0.000615923109327658	0.0255125501181925
"Zm00001eb158100"	1.81743519022419	7.1637298421951	0.000623506229922324	0.0257849995729168
"Zm00001eb183820"	-2.15208196543094	0.984476647434714	0.000625228694237017	0.0258145953627007
"Zm00001eb405150"	-2.0646804495958	1.50547942194755	0.0006298344484404	0.0259212764976113
"Zm00001eb212890"	2.06295964976317	1.51362092433678	0.0006298344484404	0.0259212764976113
"Zm00001eb260620"	2.65649174122402	-0.201274563703848	0.000631937318123471	0.0259420222807539
"Zm00001eb133930"	-1.81914640271869	6.18527100034839	0.000632362087576881	0.0259420222807539
"Zm00001eb041700"	-1.82317258922843	5.82296915078639	0.000636301765616922	0.0260619445214343
"Zm00001eb422060"	2.02000904500227	1.73564901072811	0.000638041560779523	0.0260915241122599
"Zm00001eb228370"	-1.81026075325603	9.04497644427817	0.000640162523234298	0.0261365718084831
"Zm00001eb380880"	-1.84731769699971	4.06610699531771	0.000648018237585734	0.0264152426259113
"Zm00001eb026800"	-2.54870945824269	0.139586411684465	0.000650574016635969	0.0264773298199147
"Zm00001eb165600"	-1.85290128971547	3.96752558572591	0.000656508635910303	0.0266765157285898
"Zm00001eb247810"	1.8081086036078	7.49484662205981	0.000658829568232811	0.0267284653947615
"Zm00001eb102160"	1.98911300578405	2.05694790494192	0.000661624446577516	0.026799448357421
"Zm00001eb169510"	-1.90541070804476	2.62652268051284	0.000662677875375501	0.0267997803227568
"Zm00001eb258220"	1.83531377754667	4.5717103230612	0.000668311257137627	0.0269604376796664
"Zm00001eb166570"	-1.84304547687651	4.02927543248082	0.0006687534463443	0.0269604376796664
"Zm00001eb343720"	1.86282854853264	3.45888607901018	0.000671498383517958	0.0270286005547888
"Zm00001eb123300"	-3.5327919993705	-0.984286096426327	0.000675268736602642	0.0271377592578241
"Zm00001eb108300"	1.95101859889495	2.27997994269583	0.000676536376028307	0.0271461544309324
"Zm00001eb029280"	-3.00585202591276	-0.555038050145059	0.000680832829598457	0.0272758652357882
"Zm00001eb142620"	-1.82462868555921	4.71530922724158	0.000684987621700697	0.0273586071768551
"Zm00001eb224940"	1.81196529578738	5.66275187550715	0.000685032207782409	0.0273586071768551
"Zm00001eb217240"	-2.13561661680461	0.97148169068004	0.000688297200753514	0.0273656911164981
"Zm00001eb159310"	1.89438335277973	2.9040931125653	0.000689265417876313	0.0273656911164981
"Zm00001eb347730"	1.83900173814116	3.99222290537983	0.000691230781032245	0.0273656911164981
"Zm00001eb086220"	-3.20746753867452	-0.753828462216104	0.000691613410432557	0.0273656911164981
"Zm00001eb016090"	3.13054524275633	-0.701944900027259	0.000691613410432557	0.0273656911164981
"Zm00001eb207740"	3.13054524275633	-0.701944900027259	0.000691613410432557	0.0273656911164981
"Zm00001eb043900"	1.85078917423596	3.68877668824925	0.000695563191345961	0.0274795689154244
"Zm00001eb034480"	-2.25128223974413	0.502550936182519	0.000697580371430578	0.0275073852033327
"Zm00001eb057320"	1.85847856411431	3.41145345034537	0.000698412939444993	0.0275073852033327
"Zm00001eb312010"	-1.80869655840927	5.59954076707649	0.000707477025607077	0.0278216425407446
"Zm00001eb284490"	-1.92982634787539	2.3366699732193	0.000717362901868657	0.0281672049064508
"Zm00001eb050010"	1.80837748346765	5.22500186027441	0.000723968049060987	0.0283830898745011
"Zm00001eb258400"	-1.94332223967868	2.09705350987037	0.00072627358985225	0.0283951394377775
"Zm00001eb301590"	1.79793696428801	6.17596254492899	0.000726978775544902	0.0283951394377775
"Zm00001eb096980"	1.79702562364696	6.31766027293926	0.000727597761724641	0.0283951394377775
"Zm00001eb227830"	-1.80581991194281	5.3564336810155	0.000729730421547377	0.0284258777418484
"Zm00001eb047550"	-1.90818535020018	2.61003088963	0.000731203102024561	0.0284258777418484
"Zm00001eb423450"	1.84430069106167	3.64650369675888	0.00073171136152964	0.0284258777418484
"Zm00001eb305940"	-1.91434952471614	2.53769721788528	0.000735055019638565	0.0285125729251631
"Zm00001eb248510"	-1.93731784917454	2.17206680654741	0.000739563503327326	0.0286441211862729
"Zm00001eb131090"	1.86626009291099	3.05024893653308	0.00074715688886782	0.0288945741034252
"Zm00001eb079740"	-1.92411273933381	2.28552122315782	0.000748976059923842	0.0289213044826014
"Zm00001eb136250"	-1.81611632588876	4.4337875375523	0.000754606003427855	0.0290948841020905
"Zm00001eb029590"	-1.82302668981818	4.09283613390904	0.000761872099806392	0.0293309318904443
"Zm00001eb200470"	1.81932363771575	4.1509089233931	0.000770444243103719	0.0295850051136167
"Zm00001eb165080"	-2.72868739354952	-0.254400517183058	0.000771933245749202	0.0295850051136167
"Zm00001eb196090"	2.62098093077784	-0.229536156058766	0.000771933245749202	0.0295850051136167
"Zm00001eb282850"	-1.93116584046946	2.11461616360123	0.000776802044291253	0.0297271707695936
"Zm00001eb154070"	-1.81887780296639	4.05059123719355	0.000784397477413594	0.0299731018195001
"Zm00001eb039150"	-1.9436937770059	1.95385760626039	0.00078953741547271	0.0301246121022623
"Zm00001eb057420"	1.83040469131156	3.65443421341273	0.000792339057798111	0.0301750886184582
"Zm00001eb422660"	-2.22824324073621	0.484398596012995	0.000794390983520253	0.0301750886184582
"Zm00001eb399150"	-2.22824324073621	0.484398596012995	0.000794390983520253	0.0301750886184582
"Zm00001eb069310"	-1.9815986474584	1.82414275273823	0.000799407206817759	0.0303207112171706
"Zm00001eb023420"	-1.79538127613132	4.9723414829745	0.000809394864446333	0.0306541865943929
"Zm00001eb430240"	2.72683367787801	-0.380975240221783	0.00081905457627259	0.0309742763062378
"Zm00001eb421200"	1.80140984390716	4.55030201558129	0.000827560147998041	0.0312498412292633
"Zm00001eb016920"	1.97134120412646	1.73604219907041	0.000831818913570809	0.0313644660940523
"Zm00001eb263140"	-2.02574634934578	1.3840699559044	0.000837858740748402	0.0315458122067387
"Zm00001eb107630"	1.87891674342752	2.73825773442775	0.000841909626550743	0.0316518516492097
"Zm00001eb427520"	1.9891175584864	1.58923964577779	0.000846927723980117	0.0317891388736051
"Zm00001eb296620"	-2.19762758551628	0.554950012231824	0.000848040990231899	0.0317891388736051
"Zm00001eb231210"	-1.81301717673067	3.72220209656421	0.000853831667762537	0.0319594802356664
"Zm00001eb425790"	1.91951920939805	2.17590481700978	0.000860247328239176	0.032152684396578
"Zm00001eb317670"	-2.95873331102375	-0.592909663121473	0.000865673484043207	0.0322146126717966
"Zm00001eb066160"	-2.95873331102375	-0.592909663121473	0.000865673484043207	0.0322146126717966
"Zm00001eb047870"	-2.95873331102375	-0.592909663121473	0.000865673484043207	0.0322146126717966
"Zm00001eb010530"	-2.08536812331466	0.996764092175311	0.000872336269219734	0.0324111109703945
"Zm00001eb361620"	1.79747601808944	4.25344701505211	0.000873481968819913	0.0324111109703945
"Zm00001eb269710"	-2.61992791701745	-0.13862359483503	0.000876863779264963	0.0324426945171048
"Zm00001eb426360"	2.50668234719996	-0.118717571055279	0.000876863779264963	0.0324426945171048
"Zm00001eb401340"	-1.88356024365472	2.57192123333099	0.000879966003588248	0.0325105595561998
"Zm00001eb390820"	1.84955552865927	2.90125016846561	0.000900263902047351	0.0331475531995377
"Zm00001eb363300"	-2.48996091068813	0.0924874421327722	0.000900593978717302	0.0331475531995377
"Zm00001eb119250"	1.81557429248737	3.44370420399168	0.000903136027182994	0.0331475531995377
"Zm00001eb310370"	-3.15326734170662	-0.79733336593614	0.000903671594636384	0.0331475531995377
"Zm00001eb113610"	3.08014729169246	-0.742194470512003	0.000903671594636384	0.0331475531995377
"Zm00001eb394280"	-2.03433670477212	1.29392978755644	0.000914260053265765	0.0334880396653346
"Zm00001eb148590"	1.77436782986248	4.96751935155878	0.000924008784990431	0.0337968405808198
"Zm00001eb173640"	1.78062137840667	4.33952148748198	0.000943362590629921	0.0343663488327218
"Zm00001eb119400"	-1.95360619983081	1.80225149627573	0.000944141563960943	0.0343663488327218
"Zm00001eb235950"	-2.69033702836747	-0.285117077285008	0.000944940558778038	0.0343663488327218
"Zm00001eb281630"	2.58457394444132	-0.258368111891633	0.000944940558778038	0.0343663488327218
"Zm00001eb323710"	-1.7802651744953	4.47500740535029	0.00095011363511559	0.0345055433489571
"Zm00001eb430020"	1.99693548629608	1.4618345695559	0.000954816029542157	0.0346272743952771
"Zm00001eb142430"	-1.87090582646974	2.48390246007776	0.00095883468363361	0.0347239001248104
"Zm00001eb409190"	-1.98093922114218	1.56602588296246	0.000964237240420936	0.034870300203657
"Zm00001eb217090"	-2.10262063588696	0.877738587003191	0.000975870298562964	0.0352412879650062
"Zm00001eb195930"	2.09447302792079	1.04167641795203	0.000994857311778881	0.0358764296399585
"Zm00001eb420500"	1.7500396174101	5.97022563030786	0.00100208864957827	0.0360864508078467
"Zm00001eb256660"	-2.1489284235492	0.605510995413393	0.00101358599807995	0.0364492917121596
"Zm00001eb111430"	-1.74270218873002	6.64299770925088	0.00101893974233079	0.0365500631947438
"Zm00001eb321090"	-1.83430698338215	2.62582868318227	0.0010192392817567	0.0365500631947438
"Zm00001eb017120"	-1.74095547820412	7.01979605058228	0.00102180947678723	0.0365888316626543
"Zm00001eb335010"	1.80160423598784	3.32192485865603	0.00102317442675987	0.0365888316626543
"Zm00001eb105580"	-1.75057924595805	5.56129850091588	0.00102572019643455	0.036628782502203
"Zm00001eb347040"	-2.04015879111467	1.08275225150163	0.00102974885309391	0.0367215029114436
"Zm00001eb054730"	-1.76709874076613	4.15472825613716	0.00104672029218592	0.0372449332202856
"Zm00001eb272010"	1.76940164063195	4.23176850759741	0.00104918722799128	0.0372449332202856
"Zm00001eb043150"	-1.82433881396435	2.86365964193547	0.00104978131687581	0.0372449332202856
"Zm00001eb387900"	-2.34678063091443	0.249374314520888	0.00105023739150805	0.0372449332202856
"Zm00001eb329050"	-1.86292088291697	2.39505473522208	0.00105495064284104	0.037326973843745
"Zm00001eb298810"	-1.86449821483865	2.33102528747426	0.00105546240392805	0.037326973843745
"Zm00001eb218840"	-1.79998689780938	3.24912270303591	0.00106719182416224	0.0376898049194489
"Zm00001eb428490"	-1.97863987096932	1.39337414256929	0.00107264786157038	0.0378303867546968
"Zm00001eb214410"	1.74787523772972	5.06896861984025	0.00107713425667269	0.0379364317872086
"Zm00001eb306340"	-1.87126819958348	2.17145533864287	0.00108756803734447	0.0382513641666833
"Zm00001eb128140"	2.03197874489503	1.17800849331468	0.0010956372471986	0.0384653285683655
"Zm00001eb112280"	-1.94879181364074	1.65701182539951	0.0010977710202831	0.0384653285683655
"Zm00001eb218160"	-1.99722076102999	1.31417460665316	0.00109815212605474	0.0384653285683655
"Zm00001eb158650"	-1.78062765065899	3.53121985592942	0.00110359742831385	0.038594538325227
"Zm00001eb343620"	1.74466409157098	4.88908534271357	0.00110485144815587	0.038594538325227
"Zm00001eb332640"	-2.18760547133539	0.351376256120191	0.00111711675033318	0.0389698958891738
"Zm00001eb047760"	-1.79304319300254	3.10040281444283	0.0011225011309956	0.0391045230960968
"Zm00001eb104120"	-1.77528695752392	3.56366586976036	0.00114619348658501	0.0398757136988327
"Zm00001eb422000"	-2.08435387454214	0.792349057854898	0.00115502322448363	0.0399651516637137
"Zm00001eb300860"	-1.99374085835144	1.26224497434982	0.00115670893201757	0.0399651516637137
"Zm00001eb284230"	-1.7882112545319	3.10918823244254	0.00115686787322363	0.0399651516637137
"Zm00001eb326990"	-2.65093931210544	-0.316494950335172	0.00115919661367824	0.0399651516637137
"Zm00001eb334090"	-2.65093931210544	-0.316494950335172	0.00115919661367824	0.0399651516637137
"Zm00001eb014010"	-2.65093931210544	-0.316494950335172	0.00115919661367824	0.0399651516637137
"Zm00001eb104710"	-1.75158827387783	4.22397832383562	0.00116047861418843	0.0399651516637137
"Zm00001eb387720"	2.38250198035941	-0.0406260343019992	0.00116123393094644	0.0399651516637137
"Zm00001eb305330"	-1.77216753345579	3.37872123007675	0.00117849911972643	0.0404315971962407
"Zm00001eb417750"	-2.15683288679394	0.42854182654428	0.00117922567322252	0.0404315971962407
"Zm00001eb233170"	-1.73072424385658	5.287841783973	0.0011795177341181	0.0404315971962407
"Zm00001eb047260"	-1.80946129609664	2.64191207824243	0.00118171652589477	0.040452886146785
"Zm00001eb092120"	-3.09695115964353	-0.842175905199785	0.00118540603936433	0.040471119639549
"Zm00001eb262350"	-3.09695115964353	-0.842175905199785	0.00118540603936433	0.040471119639549
"Zm00001eb361170"	-1.76018978867733	3.88143068320056	0.00118908527394654	0.0405086831544921
"Zm00001eb138050"	-1.75879965856481	3.68860424866936	0.00118966608484136	0.0405086831544921
"Zm00001eb229960"	-2.06660586981146	0.849618636639048	0.0011972722979945	0.0407136097089907
"Zm00001eb081120"	-1.73211111162087	5.05170831015326	0.00120012922096057	0.0407567062588464
"Zm00001eb348780"	-1.83933331622954	2.41872179385456	0.00120654941449069	0.0409205383433086
"Zm00001eb384110"	1.72728055944312	5.09591971598627	0.00121334889801234	0.0409434181344074
"Zm00001eb235350"	-4.09639581293799	-1.3203750100203	0.00121361145796215	0.0409434181344074
"Zm00001eb291700"	-4.09639581293799	-1.3203750100203	0.00121361145796215	0.0409434181344074
"Zm00001eb003680"	3.92359031877314	-1.3451540545695	0.00121361145796215	0.0409434181344074
"Zm00001eb042780"	-1.73229207443876	4.78305937989396	0.00121919719189942	0.0410455882988328
"Zm00001eb383280"	-1.8041104644908	2.6377932311531	0.00121984158672818	0.0410455882988328
"Zm00001eb253030"	-1.71717619788392	5.83470729356923	0.00124121336437376	0.0415799714778648
"Zm00001eb397930"	1.78507475992372	3.1508428460658	0.00124205883150217	0.0415799714778648
"Zm00001eb031940"	3.3550502481922	-1.01223457578288	0.00124264171747192	0.0415799714778648
"Zm00001eb390010"	3.3550502481922	-1.01223457578288	0.00124264171747192	0.0415799714778648
"Zm00001eb045780"	-1.75958805217446	3.57841885278263	0.00124383144007497	0.0415799714778648
"Zm00001eb149270"	1.73436279301834	4.52785822418796	0.00125024230319385	0.0416325281145062
"Zm00001eb263070"	-1.85014300990458	2.07830442055472	0.00125042827017795	0.0416325281145062
"Zm00001eb083630"	1.98409218413875	1.25209216458786	0.00125180333810115	0.0416325281145062
"Zm00001eb215740"	-1.93589392872875	1.53097951018567	0.00125296094902679	0.0416325281145062
"Zm00001eb145050"	-2.42871811196299	0.0438140166424393	0.00125352229736345	0.0416325281145062
"Zm00001eb284350"	-1.79873971320827	2.63366262554961	0.00125925727423257	0.041768895874933
"Zm00001eb388200"	-1.9969836938475	1.10616779324566	0.00126372521408171	0.0418629386163502
"Zm00001eb096560"	2.07146871665237	0.956210562050003	0.00127534663665726	0.0421932718696482
"Zm00001eb371530"	-2.73859362025762	-0.483257699866331	0.00127698825939341	0.0421932718696482
"Zm00001eb037940"	2.43818003798489	-0.172561438749278	0.00128063639668226	0.042259352909824
"Zm00001eb083760"	-1.84090567610429	2.22093836164331	0.00128337133260582	0.0422951683393487
"Zm00001eb084550"	1.70469436777627	6.95487935252234	0.00128650315457079	0.0423439549206612
"Zm00001eb189000"	-2.10528708309102	0.571513977556959	0.00129067121053375	0.0423938427373571
"Zm00001eb309630"	-1.85806573697522	1.94652252274683	0.00129132570896552	0.0423938427373571
"Zm00001eb261620"	-1.82894655856703	2.32563752885686	0.00129822762526459	0.0425659287874477
"Zm00001eb274890"	-2.0051380746959	0.996171694873173	0.00131145024466072	0.0429445520729257
"Zm00001eb335210"	-1.72456258247146	4.50259610239104	0.00131838802191959	0.0431166694923703
"Zm00001eb378640"	-1.70128664636901	6.46329424779595	0.00132800333662704	0.0433758032498308
"Zm00001eb136390"	-1.82257328557442	2.38499458365199	0.00133582398489073	0.0435757340618299
"Zm00001eb357290"	-1.92440936493484	1.52208398224367	0.00133844707524367	0.0436058233916742
"Zm00001eb131100"	1.8851152961872	1.66913760041394	0.001340567915596	0.04361796010125
"Zm00001eb413300"	-1.71191229489305	4.94205444071434	0.00134222193915313	0.04361796010125
"Zm00001eb301140"	-1.70934824101312	5.18064890912152	0.00135577049463202	0.0439611490773393
"Zm00001eb431830"	1.86074730253857	2.04626254748586	0.00135621173635629	0.0439611490773393
"Zm00001eb378510"	-1.91809753231004	1.55690579386471	0.00136094427365706	0.0440588524956653
"Zm00001eb187050"	1.74173381910071	3.63184292235974	0.00136683494529329	0.0441937553560151
"Zm00001eb154580"	-1.70300743083714	5.49096676808439	0.00137833122858383	0.0445093358953267
"Zm00001eb145800"	-1.82896303428894	2.18783640161737	0.00138233961319083	0.0445826260153621
"Zm00001eb243310"	2.12860750656021	0.693936396298933	0.00138742537711551	0.044639839721151
"Zm00001eb291400"	-2.46521348142689	-0.0845232175441748	0.00138759564187821	0.044639839721151
"Zm00001eb276250"	-1.69690616825693	6.02810181885308	0.00139406156188604	0.04479165218892
"Zm00001eb034800"	-1.75494440174987	3.25927027710759	0.00140388861906883	0.0449745319342112
"Zm00001eb407250"	-2.00109529059025	0.931171937843727	0.00140392323635929	0.0449745319342112
"Zm00001eb369550"	2.21960069100582	0.482089036682751	0.00140501560371697	0.0449745319342112
"Zm00001eb053560"	1.95418839359255	1.33220920717439	0.00140977261604554	0.045052395742426
"Zm00001eb219530"	-2.29141440814013	0.205768140266515	0.00141172573451654	0.045052395742426
"Zm00001eb227140"	-2.85961162241924	-0.671737662836213	0.0014127194296767	0.045052395742426
"Zm00001eb347850"	1.68708996130922	7.84130775141019	0.00141703784394967	0.0451339755513907
"Zm00001eb288020"	-1.77324341785945	2.82432331014536	0.00142304861081718	0.0452265226966387
"Zm00001eb244610"	-2.61043542826493	-0.3485631390167	0.00142510025962998	0.0452265226966387
"Zm00001eb332950"	1.7007668612883	5.16059804555248	0.00142523519262419	0.0452265226966387
"Zm00001eb204990"	-1.77227243529959	2.8385491163704	0.00143159749366757	0.0453722617276099
"Zm00001eb288790"	-1.70847809882029	4.47648784144972	0.00144647458702604	0.045787170878207
"Zm00001eb030390"	-1.68556927467689	6.83848884505038	0.00145135015936117	0.0458706985340218
"Zm00001eb249800"	-1.77447765441113	2.73203189386023	0.00145269138883096	0.0458706985340218
"Zm00001eb349510"	-1.89082712757234	1.7194293441681	0.0014628546914278	0.0460906250725869
"Zm00001eb242360"	-1.68522890917233	6.57036603321524	0.00146325151361489	0.0460906250725869
"Zm00001eb418870"	-1.74649757507327	3.20802110512727	0.00146916934230999	0.0462202477752494
"Zm00001eb021640"	1.81623082585808	2.25067175500355	0.00148189038213084	0.0465633203404838
"Zm00001eb249210"	-1.68657212633655	5.85418654907412	0.00149284334391624	0.046850065285205
"Zm00001eb060720"	-2.06214436569225	0.62150211240006	0.00150694946345189	0.0472349440622327
"Zm00001eb153630"	-1.72710822477171	3.50856318861966	0.00152430040381145	0.0477204668543657
"Zm00001eb358860"	-2.10718347127111	0.390076188385931	0.0015411838488532	0.0481901876641414
"Zm00001eb131440"	-1.73825939338671	3.22428598318858	0.00154602158648146	0.0482621514532387
"Zm00001eb398840"	-1.68870905780293	5.05883163529668	0.00154724994128558	0.0482621514532387
"Zm00001eb352780"	-1.70380404463907	4.1121810338985	0.00155178651211725	0.0483448434637744
"Zm00001eb314740"	2.97374084538125	-0.826266632802805	0.00156120993283659	0.0485793964537987
"Zm00001eb073290"	-2.33999753304669	0.115329466969786	0.00156537573835991	0.0486247101959995
"Zm00001eb142630"	-1.6847455494289	5.37045309455828	0.00156645907261683	0.0486247101959995
"Zm00001eb287970"	-1.82311523660955	1.91965931570167	0.00158109834880785	0.0490197843572348
"Zm00001eb296740"	1.84218258349004	1.78050758580773	0.0015854075981742	0.0490940227260705
"Zm00001eb298580"	-2.0263451792788	0.747352084292564	0.00159425062185784	0.049269642702513
"Zm00001eb378260"	-2.6929652650571	-0.519273156836159	0.00160068690995294	0.049269642702513
"Zm00001eb041000"	-2.6929652650571	-0.519273156836159	0.00160068690995294	0.049269642702513
"Zm00001eb195830"	-2.6929652650571	-0.519273156836159	0.00160068690995294	0.049269642702513
"Zm00001eb296710"	2.60177092524948	-0.479467777891586	0.00160068690995294	0.049269642702513
"Zm00001eb256500"	1.85518878751389	1.64612477927035	0.00160786185857678	0.0494311487456939
"Zm00001eb174420"	1.89288453786828	1.47150940340818	0.00161275521819542	0.0495222081371624
"Zm00001eb134140"	-1.92955307829146	1.26173010020696	0.00161519981849195	0.0495379465862841
"Zm00001eb378720"	-1.76157704953005	2.58766722496617	0.00161785699337733	0.0495601592714393
"Zm00001eb403180"	1.68729860119128	4.75564820852768	0.00162044949307559	0.0495803400983986
"Zm00001eb285960"	-1.79019301231631	2.27380620340373	0.00163187732885428	0.0498540575983655
"Zm00001eb067840"	-2.01083974091897	0.806391534185416	0.00163328425829279	0.0498540575983655
"Zm00001eb289900"	2.1912929341701	0.234470738001556	0.0016394019801741	0.0499253912174447
"Zm00001eb078560"	1.69125922936845	4.48524710215006	0.00163951557742155	0.0499253912174447
"Zm00001eb213550"	-1.95025063689956	1.07004464311051	0.00164176005297093	0.0499344338768384
