"logFC"	"logCPM"	"PValue"	"FDR"
"Zm00001eb031210"	5.72246745618295	4.50018519879189	6.85157814345834e-18	1.72646066058863e-13
"Zm00001eb006310"	5.74748284501022	4.11252578748047	2.13862668548571e-17	2.42303787131634e-13
"Zm00001eb409750"	10.8826373410462	2.17680407807008	3.37466144303389e-17	2.42303787131634e-13
"Zm00001eb284350"	5.47600545974715	4.71589660183967	4.67830824093611e-17	2.42303787131634e-13
"Zm00001eb356910"	5.23840794919812	6.30554780052549	4.80799641105712e-17	2.42303787131634e-13
"Zm00001eb056970"	-6.01592987654483	3.32652750656667	1.44651468370939e-16	6.0748795000182e-13
"Zm00001eb384740"	-5.08954329482985	5.25029386014764	6.73549517896676e-16	2.42458582170863e-12
"Zm00001eb287790"	-4.96561679631886	5.66475831861127	1.22805392923367e-15	3.86806286360374e-12
"Zm00001eb340550"	-6.92613162784207	2.49024289700758	1.41609100091782e-15	3.96474011568081e-12
"Zm00001eb371530"	-5.95064694883329	2.7944405066936	4.18628102142369e-15	1.00562286376007e-11
"Zm00001eb113780"	5.18530690288032	3.78395280040446	4.38997202212906e-15	1.00562286376007e-11
"Zm00001eb272230"	10.1596524715187	1.4589562345062	4.40177658129272e-14	9.2429971912845e-11
"Zm00001eb109440"	4.50957792047178	4.37710043715763	2.91093909447134e-13	5.64229563865298e-10
"Zm00001eb201580"	5.36435519490884	2.17734863190905	5.43999665850371e-13	9.79121684292689e-10
"Zm00001eb056010"	-4.662840592138	3.4314310060699	6.02919869474958e-13	1.012824991402e-09
"Zm00001eb418610"	-4.38296403143528	4.54415406459866	9.4086666520339e-13	1.48174738936219e-09
"Zm00001eb027960"	5.16037337042724	2.19639003643783	1.47543334626909e-12	2.18693937995814e-09
"Zm00001eb187130"	9.68807218527494	0.994054288729171	3.35695687236026e-12	4.69936662609632e-09
"Zm00001eb394330"	-6.10065068093156	1.69691994101906	4.45564897819625e-12	5.90912857645206e-09
"Zm00001eb147750"	-4.51373619447441	3.04719583719813	5.89283199546664e-12	7.42437903108842e-09
"Zm00001eb122110"	4.02094343524328	5.02155517645096	1.27255328638295e-11	1.52694274810846e-08
"Zm00001eb121900"	-4.297562760753	3.35673991682913	1.42130966802594e-11	1.62791640976898e-08
"Zm00001eb040580"	4.92200061233441	1.96644754373042	1.50084847343889e-11	1.64427738407448e-08
"Zm00001eb139830"	5.10076643829094	1.66740385678235	2.04845162986477e-11	2.15070350705552e-08
"Zm00001eb351790"	-3.80747216802675	7.33525805936832	4.20723560446043e-11	4.24055691044775e-08
"Zm00001eb180830"	-4.73522146004834	2.10083431824579	4.44990609337085e-11	4.3126436054138e-08
"Zm00001eb433640"	4.63672025079666	2.04743980952737	5.76597279208897e-11	5.38114749685399e-08
"Zm00001eb242480"	5.36070934224137	1.21380837354515	5.99815689473461e-11	5.39791276548296e-08
"Zm00001eb161610"	5.1282531179896	1.38458629625915	7.00193668522761e-11	6.08395864118501e-08
"Zm00001eb428800"	-3.81025994608235	4.64290186614393	1.10745950179267e-10	9.26849162710917e-08
"Zm00001eb336580"	-3.76421559292217	5.34416639019998	1.14312470253301e-10	9.26849162710917e-08
"Zm00001eb188750"	9.27877092748411	0.594178932880673	1.18091516900496e-10	9.26849162710917e-08
"Zm00001eb317110"	-3.90645607708407	3.84723864558208	1.28320070686515e-10	9.26849162710917e-08
"Zm00001eb231210"	-3.783753531811	4.85495837031766	1.28628164460844e-10	9.26849162710917e-08
"Zm00001eb207670"	4.54931180368609	1.96410960529314	1.28739267778721e-10	9.26849162710917e-08
"Zm00001eb295010"	3.7093879976865	5.52122651836608	1.57729878418391e-10	1.10402152121851e-07
"Zm00001eb378280"	-3.66898499477537	7.01897488895638	1.64997886624734e-10	1.12368020193785e-07
"Zm00001eb386040"	-4.55518165239808	1.93254754439984	2.25064714715715e-10	1.49241596879121e-07
"Zm00001eb209990"	-3.70320076248939	4.96993417674655	2.34279733895947e-10	1.51368736787438e-07
"Zm00001eb278150"	4.68675271413085	1.52535926177853	2.90659491428648e-10	1.7687401604103e-07
"Zm00001eb245430"	-4.25596534719083	2.40174301554801	2.92285273385276e-10	1.7687401604103e-07
"Zm00001eb255510"	-3.78370202357788	4.01042661936394	2.94813424625894e-10	1.7687401604103e-07
"Zm00001eb357740"	-3.6623552087176	5.05021846011199	3.26020002969094e-10	1.91047721739889e-07
"Zm00001eb339420"	-5.61894460414947	1.24231262805674	3.39016885937469e-10	1.94148806633008e-07
"Zm00001eb102510"	-3.78029229849675	3.58779325110149	4.39867584471484e-10	2.4630629763361e-07
"Zm00001eb251130"	-3.86791100102268	3.12992470153027	5.08337457963907e-10	2.78458418821186e-07
"Zm00001eb034050"	-3.63193085112793	4.6988859136424	5.5632274044401e-10	2.98260008802301e-07
"Zm00001eb299760"	-3.65284190600473	4.40239229397299	5.69197522671753e-10	2.98804982839226e-07
"Zm00001eb400190"	-3.89995846246205	2.98609371417951	6.0663098623765e-10	3.07720128513355e-07
"Zm00001eb037600"	-3.64957105395364	4.2766388478753	6.10604271198815e-10	3.07720128513355e-07
"Zm00001eb406490"	-3.62683166433236	4.25572037839635	7.60019168911183e-10	3.75509078788706e-07
"Zm00001eb023420"	-3.50987019501661	5.67382585604828	9.64945357989163e-10	4.64815333042537e-07
"Zm00001eb021500"	5.04255892852101	0.909726899900139	9.77665396112964e-10	4.64815333042537e-07
"Zm00001eb084980"	3.7855538769118	2.95975614505318	1.07186867931308e-09	4.97375873345972e-07
"Zm00001eb214780"	-4.83029627456205	1.42613646452484	1.08562874172666e-09	4.97375873345972e-07
"Zm00001eb256120"	-3.61776232055375	3.88524899896856	1.29093416946178e-09	5.80874271466037e-07
"Zm00001eb011820"	3.49526106789247	5.05303553420904	1.32741668242762e-09	5.86811325680896e-07
"Zm00001eb316870"	-3.47161210460036	5.37073383275512	1.56264833393883e-09	6.78889874458457e-07
"Zm00001eb275400"	3.54892923959259	3.93704068567137	1.72446393086139e-09	7.36492239488903e-07
"Zm00001eb214550"	3.82850978354807	2.26960255600701	3.32250569635247e-09	1.3775758252096e-06
"Zm00001eb280930"	-3.37282178731203	5.62794520804465	3.33487282077092e-09	1.3775758252096e-06
"Zm00001eb054810"	-8.84688495024628	0.281681440567044	3.40547435118236e-09	1.38405068872731e-06
"Zm00001eb346800"	-3.72472243996576	2.76231909651483	3.5463054267374e-09	1.4184095895703e-06
"Zm00001eb260010"	-3.62776958189873	2.96294166865287	3.98830604477221e-09	1.57027087056516e-06
"Zm00001eb111710"	3.56716745978888	3.09681518881037	4.09745509225572e-09	1.58842574484092e-06
"Zm00001eb047740"	-8.80044509057459	0.238999705832547	5.07451961918955e-09	1.93739008127785e-06
"Zm00001eb374190"	3.38272413695073	4.19883560346047	5.76598106556448e-09	2.16852523716558e-06
"Zm00001eb106430"	-3.28013840535235	6.56928224583209	6.28694457035408e-09	2.32968278358503e-06
"Zm00001eb370870"	3.36625867187403	4.21479676654682	6.70751601180979e-09	2.44950707921135e-06
"Zm00001eb139740"	3.40903831448263	3.58379737652178	7.71564349832709e-09	2.77741121244066e-06
"Zm00001eb035600"	-4.41106138744825	1.34037684476278	7.97731084117413e-09	2.83115885318177e-06
"Zm00001eb381280"	-4.58769488981124	1.20229972658353	8.78516408496441e-09	3.07456339740185e-06
"Zm00001eb251520"	-3.51084624427461	2.95772186098787	9.0318637252131e-09	3.11760139928657e-06
"Zm00001eb186620"	-3.71555677094298	2.30674942952623	9.21061067299638e-09	3.13539558568645e-06
"Zm00001eb016800"	3.24502960378555	6.01138581412476	9.33227513796665e-09	3.13539558568645e-06
"Zm00001eb215270"	3.80460047804041	1.78520695009916	1.0206495927091e-08	3.38399058382682e-06
"Zm00001eb139500"	-3.94195236722073	1.71391637724678	1.14476905480987e-08	3.74621956403884e-06
"Zm00001eb141540"	-4.53884206964745	1.15753952952639	1.23213560432163e-08	3.98042986637134e-06
"Zm00001eb087350"	-3.4129433795584	3.25220157848615	1.25018976290975e-08	3.98763058807592e-06
"Zm00001eb164390"	-3.83602242940458	2.01534320021413	1.27890767504816e-08	4.02823944948293e-06
"Zm00001eb169870"	-3.51659945868099	2.75327450984271	1.42281124748122e-08	4.42617256963354e-06
"Zm00001eb138650"	-3.1844839033487	6.5987533865591	1.48310145191515e-08	4.55746224211682e-06
"Zm00001eb148040"	-4.0501256227349	1.46783457174597	1.97005899769053e-08	5.98090923178386e-06
"Zm00001eb170080"	-3.24956224949222	4.18399935561793	2.04334295563034e-08	6.06761132609628e-06
"Zm00001eb214420"	3.14317151431753	6.81542324365367	2.0467773740701e-08	6.06761132609628e-06
"Zm00001eb068470"	3.29230330692981	3.54904251386457	2.12544732988443e-08	6.22756067656137e-06
"Zm00001eb397940"	-3.86354330560477	1.64280886075008	2.19876114583095e-08	6.36831992559175e-06
"Zm00001eb131090"	-3.20426927479086	4.30992520127292	2.72582205941252e-08	7.80514366512235e-06
"Zm00001eb032580"	-3.3860746107611	2.93940250986392	2.95259668109046e-08	8.3116679889356e-06
"Zm00001eb418340"	3.16402781793903	4.55309044116323	2.96868846338679e-08	8.3116679889356e-06
"Zm00001eb325410"	-3.20233420667126	4.15915211670757	3.01199230160156e-08	8.34023978195122e-06
"Zm00001eb185100"	-3.20232590605399	3.95321743860549	3.60125882452033e-08	9.86353476741993e-06
"Zm00001eb242240"	-4.39528503006433	1.02666121179777	4.01495232213268e-08	1.08783622164623e-05
"Zm00001eb418230"	-3.7460828194284	1.81325077772821	4.19748708039243e-08	1.12519446225243e-05
"Zm00001eb256520"	3.39322770882754	2.2197199262908	5.24327329017769e-08	1.39073684595682e-05
"Zm00001eb342740"	3.21827426437573	3.17325725440587	5.46549463707288e-08	1.42730755823483e-05
"Zm00001eb056110"	-8.48520981112507	-0.0483184838520296	5.55011122250646e-08	1.42730755823483e-05
"Zm00001eb257130"	-3.02563602892975	7.24139603433439	5.55108106623595e-08	1.42730755823483e-05
"Zm00001eb077080"	3.13708782976817	3.75767413135054	5.77177481838511e-08	1.46906244316836e-05
"Zm00001eb043810"	3.58873762506921	1.58726596910125	6.32950539586697e-08	1.59490876965056e-05
"Zm00001eb270580"	-3.48485276749593	2.09856210691453	6.88959108898552e-08	1.71885065604215e-05
"Zm00001eb069320"	-3.12934805172733	3.76198444648483	7.18191332783411e-08	1.77421423563494e-05
"Zm00001eb247830"	-4.32498977871414	0.96294426889652	7.49636433025235e-08	1.83391639217183e-05
"Zm00001eb196990"	4.15072306408165	0.770504567487892	7.85352902278175e-08	1.90281946457745e-05
"Zm00001eb277660"	-3.23656038668549	2.89397071493787	8.9577204382207e-08	2.14968228192653e-05
"Zm00001eb058070"	-3.05160717932421	4.26513416763367	9.13057004323068e-08	2.17049154669176e-05
"Zm00001eb167700"	-3.8446623492326	1.28238603605743	1.05084393481104e-07	2.47468836162323e-05
"Zm00001eb313920"	-3.94207747928443	1.1610771038231	1.15865892183512e-07	2.69556742407933e-05
"Zm00001eb399150"	-3.83299350024191	1.27192394184541	1.16603242013115e-07	2.69556742407933e-05
"Zm00001eb013070"	3.27388906525997	2.28693360940783	1.17756507166829e-07	2.69748042508159e-05
"Zm00001eb253580"	-2.96846250240241	5.17837734690888	1.27381510893465e-07	2.89167505539957e-05
"Zm00001eb295720"	3.49718921904586	1.50417759727701	1.37148386783564e-07	3.08559379479666e-05
"Zm00001eb332100"	-3.54824963737762	1.75580504594822	1.39748786631745e-07	3.08893853118133e-05
"Zm00001eb283460"	-3.54824963737762	1.75580504594822	1.39748786631745e-07	3.08893853118133e-05
"Zm00001eb317020"	3.26579444676103	2.16548615944636	1.44347751468741e-07	3.16284751435593e-05
"Zm00001eb032280"	-3.19990235407813	2.72668352994039	1.6431404870773e-07	3.54386643942149e-05
"Zm00001eb306070"	-2.93829174153979	5.15173833451298	1.64549715617237e-07	3.54386643942149e-05
"Zm00001eb101660"	-3.04361151162865	3.59534374521697	1.70720265118403e-07	3.64560105123179e-05
"Zm00001eb057010"	-3.36835316232919	1.99463455526445	1.7708235161966e-07	3.74968159337158e-05
"Zm00001eb351340"	-3.0184366556051	3.76940794872517	1.80876862611818e-07	3.79811265341049e-05
"Zm00001eb078870"	2.96939034406509	4.19783984190803	1.85403808460349e-07	3.86099600461477e-05
"Zm00001eb360290"	2.90453859954123	5.58809437526205	1.87923930191481e-07	3.88139933849586e-05
"Zm00001eb128120"	3.7053258136438	1.17659516660301	1.98134838417669e-07	4.05902573857596e-05
"Zm00001eb201180"	-2.86676705364608	7.30207870118825	2.11445209464313e-07	4.27230391679394e-05
"Zm00001eb420380"	-3.66645720048067	1.30472486104546	2.119366575122e-07	4.27230391679394e-05
"Zm00001eb170590"	-2.98289857174122	3.69670524106211	2.26032127593143e-07	4.52028377070795e-05
"Zm00001eb425130"	2.94496077791041	3.94020043383502	2.40695814765307e-07	4.7711299029296e-05
"Zm00001eb274870"	8.32160487195058	-0.317828996282655	2.42362341287002e-07	4.7711299029296e-05
"Zm00001eb148420"	-2.8263535964993	7.65048668391117	2.94284286880624e-07	5.74835307040153e-05
"Zm00001eb412990"	-2.90411957072214	4.42774984096735	2.99161028113245e-07	5.7986612203058e-05
"Zm00001eb402150"	-3.24866643921938	2.05276729910272	3.06444768588801e-07	5.89450021290123e-05
"Zm00001eb168900"	8.28109172262011	-0.355411054863655	3.1417340537204e-07	5.99737990042777e-05
"Zm00001eb412980"	-2.84691936476976	5.48307852167731	3.30315889837277e-07	6.2581201444509e-05
"Zm00001eb395330"	-4.38733862461861	0.640389610768428	3.38508409664718e-07	6.3654738109937e-05
"Zm00001eb102370"	-4.77220181984597	0.464193258768187	3.46271939901926e-07	6.46322988270277e-05
"Zm00001eb226530"	2.82371017393986	5.97337361124565	3.50298394744473e-07	6.49030805203766e-05
"Zm00001eb393490"	3.57011942761071	1.20134014611666	3.54813834744559e-07	6.52598467729445e-05
"Zm00001eb158260"	-4.12437225066503	0.78252766182271	3.72634895003468e-07	6.80409716253434e-05
"Zm00001eb423940"	3.29134611923151	1.69820795795917	3.8811656577138e-07	7.03579944194766e-05
"Zm00001eb227720"	2.92835370548157	3.51654786872071	4.02557554976722e-07	7.24546090735959e-05
"Zm00001eb366200"	-3.19046350957214	2.2168327125062	4.15583036335928e-07	7.42685202098774e-05
"Zm00001eb200120"	-4.35040934495738	0.607306060560726	4.60847364995637e-07	8.17776894588737e-05
"Zm00001eb409710"	-3.44616185643988	1.54502521354188	4.93042580965589e-07	8.68789297564399e-05
"Zm00001eb400020"	-2.92825967821409	3.18223132104573	5.27900522373017e-07	9.23126940237617e-05
"Zm00001eb382310"	-8.15693411988807	-0.342539536072498	5.34869962991873e-07	9.23126940237617e-05
"Zm00001eb053150"	-8.15693411988807	-0.342539536072498	5.34869962991873e-07	9.23126940237617e-05
"Zm00001eb230580"	-3.23379937174426	1.87568639002211	5.53311419138583e-07	9.48458580915239e-05
"Zm00001eb319590"	2.77179789271017	5.75657955335693	5.62547671320215e-07	9.57775420400457e-05
"Zm00001eb159390"	3.0978618112696	2.01571702457253	5.69579608741591e-07	9.63239394702726e-05
"Zm00001eb394930"	-3.06321027931429	2.40456632151393	5.74266113776195e-07	9.64690502328838e-05
"Zm00001eb159020"	-2.75829574623466	6.39768794631884	5.89830959119509e-07	9.80589744933237e-05
"Zm00001eb127310"	-2.96954167804182	2.82010915755914	5.91513775814954e-07	9.80589744933237e-05
"Zm00001eb408520"	3.32151224613304	1.34632361525131	5.97115609228166e-07	9.83406478518387e-05
"Zm00001eb415440"	-3.4637561674865	1.28570557614415	6.01382498166961e-07	9.84002349922798e-05
"Zm00001eb002600"	2.98522117356159	2.60941083327712	6.10084245814554e-07	9.91800182324848e-05
"Zm00001eb149500"	3.77401541596248	0.676986138378598	6.59780861965496e-07	0.000106571526665427
"Zm00001eb098620"	3.04608739599525	2.23966414902511	6.64361478400718e-07	0.000106627901482429
"Zm00001eb397980"	-2.7402414077439	6.15719936773319	6.96573599619104e-07	0.000111090263058242
"Zm00001eb395360"	-3.69447490872204	0.940587760709194	7.69242593676615e-07	0.000121442308862747
"Zm00001eb223210"	-3.84312384563944	0.828328272750112	7.71123478769724e-07	0.000121442308862747
"Zm00001eb051810"	-2.74184107103779	5.24435339908575	8.05730168301703e-07	0.000126104278142027
"Zm00001eb018040"	-2.85723618461428	3.28450307814288	8.54769311943972e-07	0.00013295356248373
"Zm00001eb159220"	-2.76887529775165	4.17084182076597	9.03608456234992e-07	0.000139525224241822
"Zm00001eb248930"	-2.72831651747946	5.18219698962639	9.08093371523885e-07	0.000139525224241822
"Zm00001eb409700"	-2.76439147494757	4.256868566737	9.23206592848179e-07	0.000140987634706596
"Zm00001eb214410"	2.70097739335057	6.03126175311674	9.58217968682923e-07	0.000145452869728146
"Zm00001eb120430"	3.35336157700026	1.26223757104202	1.0740479243514e-06	0.000162059039507824
"Zm00001eb285960"	2.85690898526629	2.76403626398243	1.17835996921741e-06	0.00017673996728774
"Zm00001eb290560"	8.05947207076908	-0.559078951743068	1.23039354512008e-06	0.000183452405620922
"Zm00001eb379570"	-2.75957113952905	3.66054707652095	1.31310974202032e-06	0.000194326970528674
"Zm00001eb121700"	-2.80577477926678	3.23986078658215	1.3187519628702e-06	0.000194326970528674
"Zm00001eb055260"	-3.27197477687287	1.51135299629106	1.34993608084435e-06	0.000197765635843697
"Zm00001eb007740"	-3.52022502759742	0.9945501072545	1.3808962866313e-06	0.000201131934280553
"Zm00001eb154000"	3.07935517102913	1.74024147594691	1.39817538520861e-06	0.000202478295152222
"Zm00001eb237960"	-2.65402478161058	6.08917436559948	1.41104283154999e-06	0.000203174041539409
"Zm00001eb279680"	-3.02612058794713	1.93327251208489	1.48789890444177e-06	0.000213023162466611
"Zm00001eb218350"	3.04220319315127	1.8428156140121	1.56356533069179e-06	0.000222591633913965
"Zm00001eb145860"	-4.17142503677983	0.448049101607762	1.68316821607077e-06	0.000238272318587366
"Zm00001eb011930"	-3.29103640644225	1.40851186211561	1.71227061331969e-06	0.000241037960415808
"Zm00001eb228490"	2.64478132909626	5.30744503219706	1.72875378637791e-06	0.000242006321717504
"Zm00001eb429420"	-3.72513186232825	0.724254167986289	1.77079187218389e-06	0.000245167107666427
"Zm00001eb041030"	-3.72513186232825	0.724254167986289	1.77079187218389e-06	0.000245167107666427
"Zm00001eb124930"	-5.02893015083605	-0.155576046203849	1.85659414804362e-06	0.000255641854330071
"Zm00001eb182560"	-3.07668333607653	1.73836367634188	1.87952356554943e-06	0.000257392580460405
"Zm00001eb316290"	-2.65998432136211	4.49889646626751	1.908978148566e-06	0.000260013142635493
"Zm00001eb065620"	2.9459650802545	1.88206870355718	1.94055173869716e-06	0.000262892595224145
"Zm00001eb032560"	-3.46080803320571	0.942562027045389	1.99409584643812e-06	0.000267687656817275
"Zm00001eb081770"	-2.95777146400235	2.14075220000376	2.00671253951537e-06	0.000267687656817275
"Zm00001eb135130"	2.79237696534444	2.67705088632142	2.00781677666739e-06	0.000267687656817275
"Zm00001eb010530"	-2.88994649131791	2.30683794233923	2.04026833298185e-06	0.00027058253397093
"Zm00001eb241760"	3.05533038771293	1.56983848558245	2.14678397057564e-06	0.000283218128222853
"Zm00001eb350280"	2.59758138512108	6.21937934964914	2.16314237243682e-06	0.000283889903649286
"Zm00001eb118450"	-2.90901690445828	2.2153469427541	2.25667329897337e-06	0.000294630330505342
"Zm00001eb052520"	-2.65839080561906	4.03523498054352	2.33335646965427e-06	0.000303071733620352
"Zm00001eb368740"	2.99910014141567	1.73891285667402	2.3631990514789e-06	0.000305373793329053
"Zm00001eb384900"	-2.83012476453132	2.40332911753457	2.49092078091004e-06	0.000320235825700873
"Zm00001eb039750"	-3.06966900689096	1.64292071505732	2.53589491226951e-06	0.000324362842636381
"Zm00001eb225090"	-3.43015595290346	0.915835883902598	2.5592656220218e-06	0.000325698864362148
"Zm00001eb219530"	3.57273495194828	0.496856183044393	2.57709107842188e-06	0.000326319301477761
"Zm00001eb069310"	-2.84805498781461	2.46492188443676	2.59667301839882e-06	0.000327154833588067
"Zm00001eb192770"	2.67687838268066	3.38900823838437	2.70350027204763e-06	0.000338919402263961
"Zm00001eb125290"	-4.08414364282648	0.371073487406389	2.81190044719453e-06	0.000350763700338653
"Zm00001eb161390"	-2.92170773828003	1.91444509449013	2.8980381747064e-06	0.000357337928535217
"Zm00001eb121050"	-3.33044465344388	1.00916589247463	2.95112265545842e-06	0.000357337928535217
"Zm00001eb237100"	2.78109545595876	2.46723801786961	2.96230747339198e-06	0.000357337928535217
"Zm00001eb169120"	7.96032262679307	-0.649065556525284	2.96387122247243e-06	0.000357337928535217
"Zm00001eb207990"	7.96032262679307	-0.649065556525284	2.96387122247243e-06	0.000357337928535217
"Zm00001eb283930"	-7.91684475846019	-0.554007941475118	2.96387122247243e-06	0.000357337928535217
"Zm00001eb414900"	-7.91684475846019	-0.554007941475118	2.96387122247243e-06	0.000357337928535217
"Zm00001eb207130"	-2.81651560993526	2.34396170320279	3.04201561229785e-06	0.000365012901898482
"Zm00001eb089540"	-2.91168056223242	2.03876718731978	3.21761928758038e-06	0.000384253890087443
"Zm00001eb426280"	-2.84637282048363	2.21633496387953	3.28338188005867e-06	0.000390037108387192
"Zm00001eb012680"	-3.39883846301503	0.888596494168674	3.29700389262925e-06	0.000390037108387192
"Zm00001eb222250"	-2.53893311008424	5.87835088555745	3.67250854013603e-06	0.000431118146576755
"Zm00001eb031880"	-2.96336510376288	1.72441980276748	3.67848247932385e-06	0.000431118146576755
"Zm00001eb000380"	-2.55531429591452	4.9812989239996	3.86470837444577e-06	0.00045084685934854
"Zm00001eb013880"	4.51101934720981	-0.116906926672329	3.9564364286153e-06	0.000459420668793771
"Zm00001eb081100"	3.62330271894433	0.294382804396993	3.99484008133903e-06	0.000461752203530187
"Zm00001eb238440"	-7.87263718630347	-0.592567393831909	4.01769210157372e-06	0.000462273084819428
"Zm00001eb388760"	-2.78852877979021	2.41372166404551	4.13218682147102e-06	0.000473285652397395
"Zm00001eb396710"	2.68181457123048	2.72938904178637	4.5553487824142e-06	0.000519392210946937
"Zm00001eb338750"	-2.69247227169523	2.65524232837496	4.75790241594632e-06	0.000540043356202772
"Zm00001eb299370"	-2.49778648613354	6.40937679635841	4.79257178189498e-06	0.000541539120000851
"Zm00001eb107560"	-2.51142696716852	5.45396620683625	4.85631406206151e-06	0.000546291972034937
"Zm00001eb333620"	2.57213986420109	3.61642634635809	5.06305490033794e-06	0.000567017143905402
"Zm00001eb158690"	-2.56754838865345	3.90211135188924	5.14024461180702e-06	0.000573114529771297
"Zm00001eb168890"	2.66141754372894	2.68351725053895	5.39149446542049e-06	0.000597269559617056
"Zm00001eb392630"	-3.24037557874992	0.931248020839142	5.40429635656357e-06	0.000597269559617056
"Zm00001eb185400"	-7.77993810086814	-0.673016472962106	5.47867104760056e-06	0.000602845209857811
"Zm00001eb154070"	2.60437979440774	3.117204652872	5.52888854098223e-06	0.000605725797633349
"Zm00001eb159280"	2.48525174612655	5.58118700642295	5.71786310394892e-06	0.000618690551674579
"Zm00001eb371220"	3.56684418196316	0.244689615096494	5.71846483575554e-06	0.000618690551674579
"Zm00001eb019930"	-2.68033268338549	2.71556668414963	5.72088652036578e-06	0.000618690551674579
"Zm00001eb115840"	2.59665054205484	3.22867834590101	5.86191054606326e-06	0.000631232572391889
"Zm00001eb189350"	-2.66801988434502	2.73915096237444	6.05831538605118e-06	0.000649606089777522
"Zm00001eb354270"	-2.69925799344364	2.46747460173223	6.19408578716708e-06	0.000655927007394559
"Zm00001eb022790"	4.4745975637865	-0.149603167361549	6.19535787601814e-06	0.000655927007394559
"Zm00001eb061830"	-4.1679515996913	-0.0689818458925845	6.19535787601814e-06	0.000655927007394559
"Zm00001eb426520"	-2.83906250653636	1.77222219792645	6.3009692474395e-06	0.000664317251451802
"Zm00001eb261620"	-2.73356543072	2.22372996257744	6.35727514725011e-06	0.000667460913168368
"Zm00001eb241960"	-2.9786448850875	1.4692191911464	6.41934493379345e-06	0.000671181135442852
"Zm00001eb068650"	-2.59264191872397	3.22748178771225	6.52907245080644e-06	0.000679832924030664
"Zm00001eb027780"	-3.05319313937138	1.32147745528687	6.95115263082474e-06	0.000720803061693505
"Zm00001eb170920"	-3.06960313538942	1.08670728545627	7.14889894447497e-06	0.00073827030984787
"Zm00001eb432180"	-2.83624131750951	1.69476847067713	7.5713480271155e-06	0.000778705418723496
"Zm00001eb020900"	-2.89043543617396	1.57793960382868	7.61634835209102e-06	0.000780149373073128
"Zm00001eb383680"	-3.04133242495037	1.31128483758402	7.65042429226512e-06	0.000780467171321848
"Zm00001eb271840"	-4.13633802050777	-0.0962437600758081	7.78880745875005e-06	0.00078828740586623
"Zm00001eb125030"	-2.74234425696305	2.07243311373049	7.78964854594378e-06	0.00078828740586623
"Zm00001eb055410"	2.42518173945879	6.79221640807275	7.97905024556032e-06	0.000804224432350516
"Zm00001eb344210"	-3.68224440409999	0.393258753308822	8.07828165715141e-06	0.000810982235844228
"Zm00001eb053840"	-2.94625667712175	1.44147236309482	8.3512397195476e-06	0.000835057692274446
"Zm00001eb270570"	-3.02937339212205	1.30101863279364	8.42458569293069e-06	0.000835996878482016
"Zm00001eb113210"	-3.10333469989456	0.972688516186824	8.42698655188634e-06	0.000835996878482016
"Zm00001eb264770"	2.56904343613082	2.79240852485169	8.63109761454064e-06	0.000852887834083118
"Zm00001eb433540"	-2.42488194083147	5.85082784112842	8.9472072020469e-06	0.000880670808895226
"Zm00001eb310180"	-2.60534322485097	2.58125979178912	9.13999867323635e-06	0.000896146640343228
"Zm00001eb142620"	-2.45198850236901	4.51587896690025	9.23213646849402e-06	0.000901671995089582
"Zm00001eb066680"	2.40955644059443	6.40876148614361	9.44592404833342e-06	0.000918989938879944
"Zm00001eb156200"	3.3941225651204	0.339760583069498	9.57279524376086e-06	0.000927751132893408
"Zm00001eb367120"	2.55042622929046	2.96491456657256	9.66628769979539e-06	0.000933222672258407
"Zm00001eb087570"	-4.10401614756526	-0.124044446017024	9.82363198819383e-06	0.000944793430681329
"Zm00001eb289910"	3.23603891203176	0.594822643912813	1.00454228107654e-05	0.000962450813633709
"Zm00001eb148670"	2.40857767941868	5.68625282548394	1.01459486104231e-05	0.000968400049566068
"Zm00001eb408900"	-2.6334545003698	2.4116155238894	1.02442615863793e-05	0.000974093975296553
"Zm00001eb382990"	-3.23116178011861	0.743945403704732	1.08300262138491e-05	0.00102592105464876
"Zm00001eb416920"	-4.7404192030992	-0.406086072367686	1.12249749577878e-05	0.00105935175650314
"Zm00001eb326950"	-2.48893925793464	3.5205191508914	1.12935607824577e-05	0.00106184755446406
"Zm00001eb031240"	-2.73919864400943	1.75860568303211	1.15048806282411e-05	0.00107769510063353
"Zm00001eb179680"	-2.42355027714195	4.51766141440471	1.19017483615703e-05	0.00111074168598092
"Zm00001eb032600"	-2.36776790924705	6.98766460573885	1.24440283686739e-05	0.00115395231670428
"Zm00001eb392090"	-2.9680444396642	1.24854514748342	1.24563469379937e-05	0.00115395231670428
"Zm00001eb061280"	2.39798244869413	4.93182711319905	1.2542895019491e-05	0.00115771380476606
"Zm00001eb151750"	-2.38175504739218	5.73137036086562	1.27400274465778e-05	0.00117161756057981
"Zm00001eb006680"	-2.43721565179855	3.861138251961	1.29656189029926e-05	0.00118802787315493
"Zm00001eb405820"	-2.93356427204635	1.10045745352075	1.30356052310775e-05	0.00119011297323439
"Zm00001eb187720"	-3.12765439740107	0.834577566593236	1.30939181317621e-05	0.00119112111582722
"Zm00001eb178940"	2.54169843134205	2.60988831125767	1.35482341955828e-05	0.00122801584626006
"Zm00001eb365220"	-3.04136512970388	0.919833313705014	1.36591961393627e-05	0.00123363592946116
"Zm00001eb150050"	-2.38154441779967	5.23793145883662	1.37136000796881e-05	0.00123412605288564
"Zm00001eb021970"	3.00330283045953	0.95457901132007	1.41389855333516e-05	0.00126653060898278
"Zm00001eb410040"	-2.3565433189859	6.47196929841533	1.41742055612804e-05	0.00126653060898278
"Zm00001eb132050"	7.67778838721991	-0.901172922100452	1.44320652367268e-05	0.0012804900698417
"Zm00001eb265310"	-7.62866417532286	-0.803059533645758	1.44320652367268e-05	0.0012804900698417
"Zm00001eb047760"	-2.37342773731169	5.07187666158759	1.51205882995551e-05	0.00133301244600097
"Zm00001eb036970"	2.34009559129512	7.31620744035398	1.51298340962091e-05	0.00133301244600097
"Zm00001eb287700"	3.03437883411709	0.860257546351759	1.5445369021741e-05	0.00135136252989524
"Zm00001eb373270"	-3.02544770377054	0.90630563915175	1.5445369021741e-05	0.00135136252989524
"Zm00001eb179970"	-2.85615545333224	1.36472131564931	1.56804162821964e-05	0.00136718037881932
"Zm00001eb138350"	-4.00246445181409	-0.210904954519197	1.57838948867896e-05	0.00137145718399077
"Zm00001eb337600"	2.34126262218803	6.27481336636437	1.61640010790029e-05	0.00139724368922744
"Zm00001eb195930"	2.75074388841425	1.52393786597945	1.6191569063196e-05	0.00139724368922744
"Zm00001eb316410"	-2.32901500810596	7.51177987890745	1.64589480009136e-05	0.00141546952807857
"Zm00001eb412960"	-2.53837760181217	2.59543307991982	1.65820835877662e-05	0.00142023535673216
"Zm00001eb322670"	2.3781779763475	4.39923462715407	1.66392003905504e-05	0.00142023535673216
"Zm00001eb400660"	2.35410948868496	5.15005413749816	1.66834536706373e-05	0.00142023535673216
"Zm00001eb232620"	-2.41190588508574	3.78496964027748	1.68514668008523e-05	0.00142970794763595
"Zm00001eb339320"	-3.81270411598699	0.134804979308158	1.76061175459774e-05	0.00148374230743658
"Zm00001eb246540"	-3.81270411598699	0.134804979308158	1.76061175459774e-05	0.00148374230743658
"Zm00001eb048560"	2.46798945905787	2.87301568914986	1.84859267977024e-05	0.00155269461149501
"Zm00001eb294020"	2.36145501903271	4.23765193674882	1.87246485500553e-05	0.00156426505374354
"Zm00001eb030650"	-2.40784823853021	3.53797775836478	1.87478389646222e-05	0.00156426505374354
"Zm00001eb237230"	-3.56514882046995	0.292319098189312	1.92103518636967e-05	0.00159231067849155
"Zm00001eb084030"	-3.56514882046995	0.292319098189312	1.92103518636967e-05	0.00159231067849155
"Zm00001eb010060"	-2.99307610507504	0.878856447469237	1.98015430742167e-05	0.00163593207339053
"Zm00001eb334540"	-3.96696076010909	-0.241093835597587	2.01109933553057e-05	0.00165606800838886
"Zm00001eb395060"	2.37123345112065	3.92670101836528	2.04868993589315e-05	0.00168152732914123
"Zm00001eb079860"	-2.90399219878156	1.19405919782687	2.05707788391322e-05	0.00168293014671576
"Zm00001eb005300"	2.63135113057976	1.61145951066382	2.06631286429025e-05	0.00168397406720334
"Zm00001eb392110"	2.71858699399875	1.42757343193752	2.07171982233921e-05	0.00168397406720334
"Zm00001eb119760"	-2.44728195700525	2.93493103143488	2.09575436631973e-05	0.00169803274992041
"Zm00001eb170180"	-2.54263436411474	2.15933355897043	2.12250577223431e-05	0.00171419552720385
"Zm00001eb039880"	2.34236401206354	4.34700369811377	2.17533639796164e-05	0.00175125004970726
"Zm00001eb368000"	-2.28510572666191	8.56795804665106	2.2522055251747e-05	0.00180735907080739
"Zm00001eb168560"	2.78883309467085	1.08264517972314	2.27745931121457e-05	0.00181663338945085
"Zm00001eb222700"	-2.8908332885795	1.1829065834949	2.27818140751833e-05	0.00181663338945085
"Zm00001eb119200"	-2.41746433326688	2.98542989027975	2.35290899481916e-05	0.00186910150136418
"Zm00001eb155860"	2.29748902088168	5.69741016996702	2.3588152926177e-05	0.00186910150136418
"Zm00001eb188120"	-3.34558596382261	0.395802481050676	2.40197599143182e-05	0.00189733514207207
"Zm00001eb396520"	2.32853614161525	4.25847932545072	2.47813501762107e-05	0.00195137644293799
"Zm00001eb260830"	-2.38695001405545	3.20682160439675	2.5007460945644e-05	0.00196304673180168
"Zm00001eb170330"	-3.02348997463055	0.746117430159314	2.53668396367499e-05	0.0019850733700833
"Zm00001eb263800"	2.95542940169212	0.792334523335329	2.54783219738154e-05	0.00198762463497275
"Zm00001eb120740"	2.58515572912781	1.68592785568153	2.55745662024302e-05	0.00198897505916307
"Zm00001eb106390"	-3.93056125633622	-0.271945779596692	2.57161647935659e-05	0.00199383360144084
"Zm00001eb170770"	2.36184377632583	3.50853924531782	2.58492732617792e-05	0.00199800609708685
"Zm00001eb320970"	3.34978166031333	0.0563184494530088	2.60591613241538e-05	0.00200806956283188
"Zm00001eb113070"	-2.29212836355061	5.274678262208	2.62838043735017e-05	0.00201920519086432
"Zm00001eb268690"	-2.38788260300977	3.24825221250725	2.66687932636968e-05	0.00204255395944873
"Zm00001eb390310"	-2.74572040297691	1.36631417685806	2.7133984710568e-05	0.0020649175917406
"Zm00001eb309630"	-2.74572040297691	1.36631417685806	2.7133984710568e-05	0.0020649175917406
"Zm00001eb294690"	-2.26237165749305	7.54158595135042	2.7233808289872e-05	0.0020649175917406
"Zm00001eb209760"	2.26162706279485	7.51986023904453	2.72885767937781e-05	0.0020649175917406
"Zm00001eb058060"	-2.31353238290091	4.40881972038212	2.76979129928642e-05	0.00208961680118022
"Zm00001eb078290"	-2.42620441214439	2.72449924674233	2.78127883695069e-05	0.0020920198248801
"Zm00001eb225440"	-2.35785313660003	3.56121847670824	2.82483838130364e-05	0.00211846064083598
"Zm00001eb113160"	-3.19782230517327	0.510411114266036	2.88342667559364e-05	0.0021552025617367
"Zm00001eb041540"	-2.6790635509587	1.48284273654639	2.89093763737996e-05	0.0021552025617367
"Zm00001eb431520"	2.27408198320349	4.91866015817796	3.11075557104591e-05	0.00231223654510959
"Zm00001eb318940"	2.31896854125826	3.72138689141929	3.14629840899555e-05	0.0023317772738197
"Zm00001eb341580"	-2.50056439466629	2.07672832975563	3.16001177218924e-05	0.00233507262861069
"Zm00001eb229750"	3.63633346119579	-0.366084328150965	3.30046230104987e-05	0.00243172658075598
"Zm00001eb048870"	-2.37081351895964	2.9466934042836	3.32440486211216e-05	0.00244222605584554
"Zm00001eb311920"	3.12096751453304	0.313161803273469	3.35712276235054e-05	0.00245269864132871
"Zm00001eb086170"	2.63391863470734	1.49048742175865	3.35812775322806e-05	0.00245269864132871
"Zm00001eb052670"	2.51400899354062	1.92110644362423	3.51565851628003e-05	0.00256033419922613
"Zm00001eb410380"	-2.37849926526817	2.87772950370882	3.53836071824084e-05	0.00256501999849677
"Zm00001eb415590"	2.46382995481751	2.04681609242225	3.54245162106864e-05	0.00256501999849677
"Zm00001eb021200"	-2.26997324703652	4.43168081720959	3.61944196931482e-05	0.00261325784363309
"Zm00001eb149750"	-2.73498894000121	1.26256105665804	3.65072399921903e-05	0.00262831266663775
"Zm00001eb353230"	-2.28579979690479	4.11258578158726	3.68682671566682e-05	0.00264025156696938
"Zm00001eb067380"	-2.31053851752568	3.58409283415108	3.68826316204945e-05	0.00264025156696938
"Zm00001eb146510"	-2.24062361613048	5.47165336888118	3.76138091538416e-05	0.00268496533444334
"Zm00001eb356820"	2.34787920538213	2.92149252855307	3.77601258644307e-05	0.0026877956257964
"Zm00001eb019650"	2.29530156568736	3.53243471639781	3.8505356104003e-05	0.00273312102284131
"Zm00001eb301450"	2.22870603132525	5.81574817261426	3.87591993797224e-05	0.00274341097182653
"Zm00001eb415840"	-3.15484156057836	0.47403586212411	3.94516049137331e-05	0.00278459815298668
"Zm00001eb282210"	2.60818147894387	1.46879214459324	3.95833767789572e-05	0.00278609477116247
"Zm00001eb361960"	2.72817838629871	0.934857695369829	4.03569007410669e-05	0.00282633498520401
"Zm00001eb044850"	-7.45965011580617	-0.946404314117114	4.04915838423148e-05	0.00282633498520401
"Zm00001eb281300"	-7.45965011580617	-0.946404314117114	4.04915838423148e-05	0.00282633498520401
"Zm00001eb224120"	-2.43798180754567	2.28867673812262	4.08101621342227e-05	0.00284070294325454
"Zm00001eb384750"	-2.35255682232367	2.88181782795191	4.1271381665884e-05	0.00286489332015687
"Zm00001eb173470"	-2.47505226629111	2.14899582255435	4.18330283812776e-05	0.00289590288228416
"Zm00001eb184010"	-2.3585965918816	2.83525318362723	4.23726749744371e-05	0.00292522373700237
"Zm00001eb310440"	4.14446572091283	-0.440866086632302	4.25190157639541e-05	0.0029273064459566
"Zm00001eb255850"	-2.4160733635455	2.31015760558207	4.41517768642466e-05	0.00303143453249396
"Zm00001eb004280"	-2.44920109216846	2.03411957376365	4.46172622402701e-05	0.00305507003785415
"Zm00001eb288750"	-4.52557319241196	-0.588879078370763	4.63860815363512e-05	0.00316757854350401
"Zm00001eb293780"	-2.18805806165818	6.79056481844468	4.84141932400188e-05	0.0032971374088162
"Zm00001eb222660"	-2.20345484668545	5.34750250844094	4.91638898118092e-05	0.00333578653139688
"Zm00001eb295610"	-2.19925166739057	5.56938547379362	4.93349669311865e-05	0.00333578653139688
"Zm00001eb001120"	-2.48795843318015	1.85882278584096	4.93788545206379e-05	0.00333578653139688
"Zm00001eb096870"	-2.19464149772684	5.83992019442583	5.01471409152183e-05	0.00337863009834671
"Zm00001eb153570"	2.60905088859929	1.26275399453152	5.18110970644802e-05	0.00348142939688206
"Zm00001eb171230"	-2.19264866603767	5.60999167234373	5.23883083647183e-05	0.00351085264408024
"Zm00001eb363140"	2.3226181455314	2.75177839179684	5.38663947784592e-05	0.00360033266744726
"Zm00001eb107100"	-2.4385961196951	1.9762613844901	5.46765677077193e-05	0.00364481521983892
"Zm00001eb216410"	-2.35493088951303	2.54251418581098	5.49425026055539e-05	0.00365287910462994
"Zm00001eb324090"	-2.16922814754798	6.83814258082151	5.54601242308428e-05	0.00367759002728626
"Zm00001eb158650"	-2.21359498364061	4.36040882442678	5.60731239226233e-05	0.00370847920368048
"Zm00001eb094860"	-3.41080487726049	0.16080440582264	5.77726497057263e-05	0.00373892802368928
"Zm00001eb255130"	3.12626074657642	0.10965568315875	5.77726497057263e-05	0.00373892802368928
"Zm00001eb186480"	2.48339548539536	1.48743473763872	5.77748625347175e-05	0.00373892802368928
"Zm00001eb348110"	7.40363650760652	-1.13892193001217	5.80014579362886e-05	0.00373892802368928
"Zm00001eb422470"	7.40363650760652	-1.13892193001217	5.80014579362886e-05	0.00373892802368928
"Zm00001eb037340"	7.40363650760652	-1.13892193001217	5.80014579362886e-05	0.00373892802368928
"Zm00001eb422570"	-7.39860587016502	-0.997639192541733	5.80014579362886e-05	0.00373892802368928
"Zm00001eb389240"	-7.39860587016502	-0.997639192541733	5.80014579362886e-05	0.00373892802368928
"Zm00001eb027390"	-7.39860587016502	-0.997639192541733	5.80014579362886e-05	0.00373892802368928
"Zm00001eb369060"	2.38885044953612	2.02349275637691	5.8017336981606e-05	0.00373892802368928
"Zm00001eb374880"	2.17508736358698	5.51701169050266	5.8182933163592e-05	0.00374003456595967
"Zm00001eb128850"	2.17454866980821	5.43239861313085	5.95564506661702e-05	0.00381066051833487
"Zm00001eb033140"	2.19895454788093	4.26553805988249	5.96078533141184e-05	0.00381066051833487
"Zm00001eb161000"	-2.4113601476304	2.00288652941007	5.97863014055656e-05	0.00381066051833487
"Zm00001eb146840"	2.5652800266571	1.29834322845485	5.98865610469327e-05	0.00381066051833487
"Zm00001eb334460"	-2.26657087610092	3.08671839993295	6.11291645153257e-05	0.00387993120266292
"Zm00001eb068480"	4.74566348204538	-0.74888205123298	6.25587787063227e-05	0.0039414045856752
"Zm00001eb078280"	-4.42979597303389	-0.66923216353179	6.25587787063227e-05	0.0039414045856752
"Zm00001eb393860"	2.45668909600709	1.57852147778032	6.25669431808111e-05	0.0039414045856752
"Zm00001eb265040"	2.15270471196053	6.60184889792247	6.27247107974204e-05	0.00394148943310074
"Zm00001eb216840"	-2.24960752384543	3.35650114485665	6.33160908180545e-05	0.00396875337421228
"Zm00001eb078450"	-2.29740759834101	2.78487491639374	6.40643714487786e-05	0.00400569238651693
"Zm00001eb100900"	-2.70682227180633	0.910325252961777	6.4780757208803e-05	0.00404045920828569
"Zm00001eb129330"	2.14299423255496	7.31792339248436	6.58292343498435e-05	0.00409571616579594
"Zm00001eb372510"	-2.8717611421824	0.618844253139338	6.69292266202696e-05	0.0041538981585654
"Zm00001eb214940"	3.09317973202677	0.0817357082531906	6.98983952633864e-05	0.00432751784728946
"Zm00001eb049880"	-3.7750196152182	-0.402616424600252	7.14006838798912e-05	0.00440969223628799
"Zm00001eb004260"	-2.56884805671504	1.30759902623765	7.19307876638846e-05	0.00442932566530516
"Zm00001eb342500"	-2.34665022053745	2.2529632969402	7.20701453597553e-05	0.00442932566530516
"Zm00001eb248470"	-3.60891203738276	-0.0391987579932286	7.23804244730611e-05	0.00443633040101755
"Zm00001eb335390"	2.8059327293268	0.665371214450154	7.25362380037793e-05	0.00443633040101755
"Zm00001eb255110"	-2.2535205183293	3.11724130439091	7.28007736133138e-05	0.00444172855571012
"Zm00001eb353770"	-3.04142993310764	0.37877016328456	7.51519311871668e-05	0.00456969806024509
"Zm00001eb152430"	-2.50052638776931	1.62670117223936	7.5260921303346e-05	0.00456969806024509
"Zm00001eb337300"	2.18032580397688	3.89591156033553	7.55051273612387e-05	0.00457350528665503
"Zm00001eb187810"	-2.44169963213178	1.76374352735766	7.62497213517554e-05	0.00460753112379264
"Zm00001eb322740"	2.76919625088681	0.754932349647729	7.77054109305627e-05	0.00467308101343274
"Zm00001eb371510"	-2.72347347688182	0.795287165377259	7.77054109305627e-05	0.00467308101343274
"Zm00001eb061730"	-2.12919247181749	5.92532788850544	7.96257678603605e-05	0.00477716690129849
"Zm00001eb032330"	2.26693298782073	2.70590515738968	7.99936552192823e-05	0.00478783877485861
"Zm00001eb348850"	-2.27796681150424	2.68802500977693	8.19856260493903e-05	0.00489543555732829
"Zm00001eb025790"	-2.93625991719551	0.494778508899972	8.25598069654898e-05	0.00491806623148088
"Zm00001eb046570"	2.20836230642409	3.13078848088391	8.28200177437517e-05	0.0049219311488374
"Zm00001eb159610"	-4.37941236013333	-0.711204665799113	8.48374941955684e-05	0.0050299651264469
"Zm00001eb049110"	-2.26905084719989	2.70821727253281	8.6037452146456e-05	0.00508913549104788
"Zm00001eb216040"	2.15739673452025	3.98517881384637	8.63546363246207e-05	0.00509593472156391
"Zm00001eb293310"	-2.54378695923209	1.28691363846794	8.65605296107308e-05	0.00509615005871775
"Zm00001eb283120"	2.17166091974977	3.58879920116967	9.02127143490491e-05	0.00529878782323389
"Zm00001eb017640"	-2.67752703590374	1.00415441310041	9.09236272711419e-05	0.00532812455808891
"Zm00001eb245000"	-2.31395497927167	2.22618916234178	9.25477396156771e-05	0.00541071448453789
"Zm00001eb371350"	3.28138803187215	-0.295042017718595	9.29782220526882e-05	0.005421725812473
"Zm00001eb022920"	2.59088602916711	0.820216985120594	9.31664130804352e-05	0.005421725812473
"Zm00001eb277770"	-2.32845089605387	2.15775958688068	9.46577645132807e-05	0.00549582108342315
"Zm00001eb214080"	-2.25867510302341	2.67226633243189	9.51028580554241e-05	0.00550896969489788
"Zm00001eb314900"	-3.15012142917074	0.230825453963296	9.54484145857922e-05	0.00551630539158897
"Zm00001eb187440"	-2.44366896914044	1.64440435063596	9.64710722229989e-05	0.00556265006378748
"Zm00001eb358800"	2.26917775108046	2.20410521851708	9.73348238442585e-05	0.00559964130417266
"Zm00001eb007100"	-2.42839421492618	1.6936029202872	9.85104081001161e-05	0.00565436278657569
"Zm00001eb351390"	2.23539599538427	2.5876689764115	9.97138257668228e-05	0.00571042950380091
"Zm00001eb071370"	-2.6874659463924	0.765559672310081	0.000100518892827429	0.00573048656440171
"Zm00001eb100930"	-2.6874659463924	0.765559672310081	0.000100518892827429	0.00573048656440171
"Zm00001eb310010"	-2.12421283505763	4.44620376983304	0.000101676052496212	0.00578337058871232
"Zm00001eb421990"	-2.28771564109808	2.24328724247709	0.00010362298800001	0.00588083795410868
"Zm00001eb055400"	2.09868063970673	5.09954018680154	0.000105392944286137	0.00596784586544288
"Zm00001eb109480"	2.10548375855368	4.72122194328346	0.000105944514021477	0.00598562749846002
"Zm00001eb229800"	2.08219683671295	6.19361273422394	0.000107508414817279	0.00606039605495705
"Zm00001eb148580"	-3.12371565843752	0.20877564782341	0.000114313500037302	0.00642962404897308
"Zm00001eb029280"	-4.3272053150418	-0.754473243969814	0.000115709716020775	0.00649366018773161
"Zm00001eb284020"	-2.60834335799941	1.05593822498599	0.000117179206526194	0.00655592277483581
"Zm00001eb168980"	-2.46950371947286	1.30924175553064	0.000117339517876456	0.00655592277483581
"Zm00001eb111620"	3.23714759130022	-0.331875432046427	0.00011803663554138	0.00658028128843296
"Zm00001eb216960"	-2.60510688132224	0.826495377723636	0.000119197978351242	0.00663035465451347
"Zm00001eb334140"	2.06250431134492	6.50594637158015	0.000120156334288751	0.00665727640806634
"Zm00001eb422400"	-2.07329318838114	5.63643287225218	0.000120210364539653	0.00665727640806634
"Zm00001eb333150"	2.170054824195	3.0503706874405	0.000120839372762794	0.006664939453692
"Zm00001eb280520"	2.06623876307886	6.10126839798795	0.000120877741500803	0.006664939453692
"Zm00001eb235950"	-3.69047189490833	-0.472818690174484	0.000121882943927511	0.00667278344994051
"Zm00001eb155140"	-7.26817540437736	-1.10609564686646	0.00012207925908495	0.00667278344994051
"Zm00001eb331980"	-7.26817540437736	-1.10609564686646	0.00012207925908495	0.00667278344994051
"Zm00001eb169850"	-7.26817540437736	-1.10609564686646	0.00012207925908495	0.00667278344994051
"Zm00001eb129570"	2.10530392296533	4.15978505394653	0.000122550177468769	0.00668402461441133
"Zm00001eb336410"	-2.09486862510197	4.43741634091893	0.00012337032669178	0.0067142235247937
"Zm00001eb422170"	2.08414612015794	4.79219102540058	0.000124382173254248	0.00674947251372916
"Zm00001eb310220"	-2.13575932284325	3.55780885310112	0.000124553723267087	0.00674947251372916
"Zm00001eb401290"	-3.26823467533833	0.0409700984038204	0.000125385075579657	0.00677994234861847
"Zm00001eb152160"	-2.09929587656465	4.32497800775044	0.000125899031779021	0.00679019710889751
"Zm00001eb113490"	-2.05525607640764	6.7338700538277	0.000126113669615209	0.00679019710889751
"Zm00001eb121190"	2.05945633920028	6.08818136642615	0.000128211595208465	0.00688843449053924
"Zm00001eb419270"	-2.09079560668813	4.42667972060848	0.000128818148962559	0.00690629727140121
"Zm00001eb151950"	2.06194207413313	5.18879238086989	0.000135347517583587	0.00722787412939066
"Zm00001eb161780"	2.0492812768501	6.18493168937329	0.00013545412910067	0.00722787412939066
"Zm00001eb010130"	-2.18830131206778	2.72194771327525	0.000135779283062532	0.00722787412939066
"Zm00001eb071660"	-2.50393908913036	1.16564653158671	0.000136217977692233	0.00722787412939066
"Zm00001eb308400"	2.0426420888645	6.93179125330086	0.000136250504463075	0.00722787412939066
"Zm00001eb123670"	-3.0694084118158	0.163611792873749	0.000137160619150878	0.00726086823815929
"Zm00001eb367650"	2.04114647237458	6.81997341831462	0.000138151997410553	0.00729801683595619
"Zm00001eb177410"	-2.10369506047748	3.76406089396646	0.000145463861623049	0.00766819745853051
"Zm00001eb280150"	2.84452759990646	0.261388955725967	0.000146693156530522	0.00771685628028413
"Zm00001eb406990"	2.10434170343426	3.57948066409006	0.000147567157578183	0.00774666090969803
"Zm00001eb260140"	-2.06698890117635	4.42974324038314	0.000149473498824656	0.00783042250183717
"Zm00001eb130790"	3.19150747724759	-0.369642510768885	0.000150348800303115	0.00785993582995413
"Zm00001eb416070"	-2.37285365309648	1.58644873372279	0.000150775533117704	0.00786592522463751
"Zm00001eb139110"	-2.1231561941912	3.27080199334106	0.000151966680057608	0.00791168678531323
"Zm00001eb219950"	-3.23794846232724	0.0157274682934069	0.000153017639916353	0.00794997626930363
"Zm00001eb223950"	2.03110935960712	6.16854832167855	0.000153773077468973	0.00797278602070613
"Zm00001eb283940"	-2.82284828972479	0.400886710454825	0.00015442882521841	0.00799034402023307
"Zm00001eb202040"	2.03810889717485	5.38463435456283	0.000155585798703611	0.0080337109748639
"Zm00001eb429690"	-4.27303788210986	-0.799120837754003	0.000158752717603995	0.00818047234802754
"Zm00001eb284380"	2.16566033111251	2.53095988821792	0.000160498454870745	0.00825355115476128
"Zm00001eb101170"	-2.23741219464361	2.1243750833384	0.000161950774719342	0.00831127417795922
"Zm00001eb103380"	-2.0462966366031	4.8260233588654	0.000162397280409873	0.00831724933286177
"Zm00001eb383160"	-2.0332600992812	5.20949431249118	0.000165583196792595	0.00846133180714788
"Zm00001eb425540"	-2.66350454923687	0.604419619551457	0.000165882130039331	0.00846133180714788
"Zm00001eb278400"	-2.03525981140542	5.07450966054501	0.000166932060829792	0.00849768498745275
"Zm00001eb344260"	-2.0388659503259	5.0063595866866	0.000167738883266016	0.00852154108979247
"Zm00001eb141260"	2.22835068325255	1.92991393074818	0.000168812469016833	0.00855882614544499
"Zm00001eb125920"	2.01367901606589	6.48095594147448	0.000169385956703253	0.00857065730323006
"Zm00001eb011880"	-2.01283476264835	6.64553675889294	0.00017029943309411	0.00859960944910897
"Zm00001eb016390"	-2.38757033071726	1.32109657118359	0.000170825762597995	0.00860893513188854
"Zm00001eb299240"	-3.44342488950555	-0.178146697615679	0.000171554500143243	0.00862840378165558
"Zm00001eb085190"	-2.3713700467916	1.38245844714749	0.000171978523724998	0.00863249968291336
"Zm00001eb280700"	-2.13528139010349	2.75438619586438	0.000174984074460189	0.00876590200446887
"Zm00001eb013780"	2.01606321711856	5.58342886166339	0.000178438937972439	0.00885274885007076
"Zm00001eb110240"	-2.04202692367393	4.50228007441097	0.000178712624826944	0.00885274885007076
"Zm00001eb112260"	-2.04062597731496	4.46625121060941	0.000178764245219137	0.00885274885007076
"Zm00001eb356720"	7.24417388246741	-1.27370308458271	0.000179528322183751	0.00885274885007076
"Zm00001eb181950"	-7.12477033096654	-1.22365700494705	0.000179528322183751	0.00885274885007076
"Zm00001eb071090"	-7.12477033096654	-1.22365700494705	0.000179528322183751	0.00885274885007076
"Zm00001eb105200"	-7.12477033096654	-1.22365700494705	0.000179528322183751	0.00885274885007076
"Zm00001eb216190"	-7.12477033096654	-1.22365700494705	0.000179528322183751	0.00885274885007076
"Zm00001eb222540"	-2.33337929288358	1.42247360684767	0.000188109589864591	0.00925778407306245
"Zm00001eb140400"	-2.05402816683707	3.78250750231138	0.000192648277888234	0.009462673111555
"Zm00001eb184470"	1.98756793282407	8.87246340433269	0.000194258072677285	0.00951626605331939
"Zm00001eb388070"	-2.57371520361902	0.672428184675609	0.00019449468281052	0.00951626605331939
"Zm00001eb412420"	-2.13701494811227	2.65460055507138	0.000195087329733987	0.00952676460200971
"Zm00001eb026180"	2.84154216048093	0.078730782036391	0.000198587759407585	0.00967894460648419
"Zm00001eb276850"	-2.11066683292772	2.75883572729694	0.000200902000699878	0.00977283516145857
"Zm00001eb138720"	2.40566203101526	1.01867134639317	0.00020284884186065	0.00984852623738854
"Zm00001eb050120"	-2.89240525812745	0.255239451598559	0.000206923919526531	0.0100270556235183
"Zm00001eb328450"	-1.99035618473594	5.90507766944305	0.000208759011624159	0.0100965634835039
"Zm00001eb156130"	-1.99237323649808	5.85770802723544	0.000209913148869899	0.0101329339563673
"Zm00001eb239700"	-3.60065918914118	-0.546722769792294	0.000211692256708106	0.0101604218752969
"Zm00001eb386210"	-3.60065918914118	-0.546722769792294	0.000211692256708106	0.0101604218752969
"Zm00001eb085620"	3.33794296569359	-0.614976088638287	0.000211692256708106	0.0101604218752969
"Zm00001eb015870"	-2.77486368420703	0.361505161101708	0.000212976904090963	0.0101825315028266
"Zm00001eb254490"	-2.23100536272637	1.9935810635709	0.000213254727040327	0.0101825315028266
"Zm00001eb354510"	1.98025153242328	6.49616565239729	0.000213365212853895	0.0101825315028266
"Zm00001eb331530"	3.01197926363698	-0.227381636608451	0.000214309569993243	0.0102082656799428
"Zm00001eb088150"	2.03740795148875	3.76155646031386	0.000217477646896196	0.0103396259367742
"Zm00001eb034410"	-4.21675707174275	-0.845238596620746	0.000219145359825375	0.010399293365122
"Zm00001eb127000"	2.15197363415065	2.20106831235976	0.000220046023172273	0.0104224054358927
"Zm00001eb338960"	-2.02950899515922	3.86232133128687	0.000221739120511728	0.0104828937310592
"Zm00001eb365060"	1.98199498477048	5.6996013796665	0.000223971961603803	0.0105515632386398
"Zm00001eb180570"	-2.5144978033881	0.752626651950936	0.000224029142498305	0.0105515632386398
"Zm00001eb257310"	-2.14351802357253	2.40226395452169	0.000224971726217319	0.010572625317245
"Zm00001eb339360"	-2.43295193033242	1.10775510865754	0.000225315493108998	0.010572625317245
"Zm00001eb164960"	-3.17539921947273	-0.0361600544854317	0.000229449026199491	0.0107465735356409
"Zm00001eb311590"	-2.04005973052072	3.5222764020089	0.000230141887065334	0.0107590264754588
"Zm00001eb233250"	1.98480924029794	5.04630197134654	0.000231927408064386	0.0108224200526044
"Zm00001eb165600"	-2.00886439093108	4.15240614723105	0.000233528143579875	0.0108769725728756
"Zm00001eb286740"	1.99511161493603	4.48917837930385	0.000239509405454068	0.0111349778572539
"Zm00001eb040560"	1.99768506059994	4.20170402553059	0.000246206113389131	0.0114252332323745
"Zm00001eb308650"	-2.35207999810213	1.21377015182153	0.000246728264790013	0.0114284169415051
"Zm00001eb133200"	-1.97880775283262	4.92896088526273	0.000250322389650474	0.0115599905305178
"Zm00001eb283510"	-2.05453987553557	3.09192927421658	0.000250711698749496	0.0115599905305178
"Zm00001eb004760"	-2.4416490570031	1.02060862215239	0.000250945107555886	0.0115599905305178
"Zm00001eb389670"	2.0425184498542	3.28775162796107	0.000251484310323779	0.0115636891451434
"Zm00001eb235510"	-2.01067039583243	3.78178774020815	0.000252597313896052	0.0115801880187474
"Zm00001eb410900"	1.98901393636794	4.3437336446032	0.00025276225931864	0.0115801880187474
"Zm00001eb327930"	2.16438302681737	1.95123483843628	0.000253593662199147	0.0115971925591545
"Zm00001eb392300"	-1.97146841126953	5.32296563176482	0.000254549103461043	0.0116197976612525
"Zm00001eb153000"	2.0713406562486	2.69600324519567	0.000257520925495524	0.0117341994224886
"Zm00001eb093140"	2.01344284812209	3.60347747296637	0.000263646537127244	0.0119900765915694
"Zm00001eb409690"	-1.9717693299751	4.84183595938477	0.000264088122403405	0.0119900765915694
"Zm00001eb039960"	2.32012629213283	1.29326266034026	0.000266336913886456	0.012016261639124
"Zm00001eb033930"	7.15730567751929	-1.34595119620986	0.000266572357181933	0.012016261639124
"Zm00001eb029780"	-7.04734199627599	-1.28635683882962	0.000266572357181933	0.012016261639124
"Zm00001eb014680"	-7.04734199627599	-1.28635683882962	0.000266572357181933	0.012016261639124
"Zm00001eb168350"	-1.95446197916223	5.77411890631243	0.000268048245989761	0.0120461686530637
"Zm00001eb338940"	2.08535228758466	2.36770704117875	0.000268191944375297	0.0120461686530637
"Zm00001eb175950"	-2.08115108925965	2.78245091142346	0.000270312703229376	0.0121198211672132
"Zm00001eb374040"	-1.9518674630592	5.96292744475905	0.000271486068032175	0.0121508098441825
"Zm00001eb290590"	-1.94189330707871	6.62691111535485	0.000277552226839394	0.0124002854820905
"Zm00001eb304360"	3.83538124280965	-0.704135043457312	0.000280890190500934	0.0124391406331152
"Zm00001eb025140"	-3.5048819697631	-0.624743378411817	0.000280890190500934	0.0124391406331152
"Zm00001eb412970"	-3.5048819697631	-0.624743378411817	0.000280890190500934	0.0124391406331152
"Zm00001eb004600"	-3.5048819697631	-0.624743378411817	0.000280890190500934	0.0124391406331152
"Zm00001eb388950"	3.28160886903998	-0.660816148932809	0.000280890190500934	0.0124391406331152
"Zm00001eb414620"	-2.95424735350155	0.068685488845281	0.00028975903339321	0.0128034559231787
"Zm00001eb042070"	-2.45726859449023	0.706376207805013	0.000290133079297365	0.0128034559231787
"Zm00001eb293200"	-2.07244187526812	2.75207020757172	0.000291046711076704	0.0128213199750188
"Zm00001eb394280"	-2.83910138438043	0.211530003377764	0.000293826578786824	0.0128942210336822
"Zm00001eb055610"	-2.83910138438043	0.211530003377764	0.000293826578786824	0.0128942210336822
"Zm00001eb088070"	-2.57878658388436	0.535446145344466	0.000294236728881945	0.0128942210336822
"Zm00001eb408940"	-2.02559147257847	3.15836635029753	0.000302153706857378	0.0132181755301948
"Zm00001eb415040"	-2.12851266119185	2.11482011211781	0.000302981471667879	0.0132314161578635
"Zm00001eb258740"	-2.37353493594071	1.05967522717228	0.000306772268776173	0.0133737848246056
"Zm00001eb292890"	-1.98493827423549	3.86890933824541	0.000307537329144916	0.0133743438067601
"Zm00001eb033200"	-2.00791637232023	3.4270570781652	0.000307846630999319	0.0133743438067601
"Zm00001eb182620"	2.13727498665463	1.85652220953827	0.000308961597501387	0.0133992315637212
"Zm00001eb238010"	-2.05800355822849	2.76398208005342	0.000309483005400656	0.0133992315637212
"Zm00001eb156060"	1.93523750506745	5.66962071199824	0.000310285206484599	0.0134109204682657
"Zm00001eb104930"	-1.93318233399369	5.77617690852831	0.000311237490908744	0.0134290450272577
"Zm00001eb219580"	2.00604124532096	3.13494628466091	0.000311904152884951	0.0134348048622137
"Zm00001eb060890"	2.13267363321038	1.99522484727272	0.000312841545938252	0.0134521864753448
"Zm00001eb307340"	-1.92089784158047	7.14230392696203	0.000315082666254235	0.0135254736359015
"Zm00001eb157820"	-1.92207294226395	6.66554338794526	0.000317001411129648	0.0135846965266069
"Zm00001eb020730"	1.95722336149217	4.17634778883678	0.000322034763437161	0.0137769642938703
"Zm00001eb100300"	1.94494689393434	4.66171515913056	0.000323381322536114	0.0138111229919746
"Zm00001eb137340"	1.94737083969424	4.50061634161029	0.000326284214620168	0.0139115222335008
"Zm00001eb241920"	-1.94566395574495	4.5635518325622	0.000334032921252778	0.0142178404556208
"Zm00001eb395020"	2.2036672517687	1.37215932807605	0.000335899965933196	0.0142726753501049
"Zm00001eb087080"	-3.33418000007474	-0.268633040303523	0.00033729775356744	0.0142726753501049
"Zm00001eb380060"	-3.33418000007474	-0.268633040303523	0.00033729775356744	0.0142726753501049
"Zm00001eb099610"	1.92652396910241	5.14695199501011	0.000337586892160588	0.0142726753501049
"Zm00001eb159470"	-2.00892681378353	3.03705374372053	0.00034232890549525	0.0144230508535839
"Zm00001eb320240"	-2.16482596865895	1.75390811462214	0.000342860840594362	0.0144230508535839
"Zm00001eb155720"	-2.16482596865895	1.75390811462214	0.000342860840594362	0.0144230508535839
"Zm00001eb420860"	-2.60927510197822	0.403427199082936	0.000344991124486001	0.0144643699747059
"Zm00001eb297620"	-2.60927510197822	0.403427199082936	0.000344991124486001	0.0144643699747059
"Zm00001eb281100"	-3.11001471276049	-0.0900379737682	0.00034727893195115	0.0145119975577199
"Zm00001eb260810"	-3.11001471276049	-0.0900379737682	0.00034727893195115	0.0145119975577199
"Zm00001eb327670"	1.95686444273024	3.87520990050006	0.000350947477631488	0.0146199249089305
"Zm00001eb339810"	2.68622337219526	0.131181019841871	0.000351022087860264	0.0146199249089305
"Zm00001eb360620"	2.04922851184512	2.5072555957716	0.000353165188778205	0.0146849115954343
"Zm00001eb118040"	-2.18391354658474	1.66596802403951	0.000353917415385936	0.0146919456884593
"Zm00001eb001820"	-2.28367572178741	1.23725516021942	0.000354680206196207	0.0146993944666645
"Zm00001eb349510"	-2.18931308342618	1.615761935083	0.00035999091681523	0.0148949936320364
"Zm00001eb264940"	2.00910731732757	2.90426208615266	0.000361372990170598	0.0149169039247782
"Zm00001eb071890"	1.9143694752065	5.35511657583207	0.000361704432813695	0.0149169039247782
"Zm00001eb430130"	2.00596979788285	2.93511458338778	0.000366304655863322	0.015081935814451
"Zm00001eb077910"	-2.325889736762	1.1095769086626	0.000369595862681032	0.0151926207958183
"Zm00001eb027740"	-2.02891790161136	2.6448094770641	0.000372237761818624	0.01526806331135
"Zm00001eb154390"	-2.0569041420167	2.39444699869997	0.000373542222459971	0.01526806331135
"Zm00001eb163270"	2.0195676637522	2.6945050419008	0.000374254360668734	0.01526806331135
"Zm00001eb096950"	-2.09144947477931	2.08529288722719	0.000374330969691149	0.01526806331135
"Zm00001eb084580"	-3.45449835686254	-0.665446678464718	0.000374460795555769	0.01526806331135
"Zm00001eb312020"	1.93648263588268	4.00227405722008	0.000381305055580395	0.015522010970137
"Zm00001eb202890"	2.0357523907999	2.49653147382753	0.000382611236067469	0.0155417014603966
"Zm00001eb109110"	-2.06390495336442	2.33869759501229	0.000383022327442904	0.0155417014603966
"Zm00001eb242940"	-1.95012113009211	3.77776879589765	0.000386303309970546	0.0156496315187103
"Zm00001eb086030"	1.932373749502	4.08715301178245	0.000390339038868413	0.0157877417358046
"Zm00001eb090260"	-2.1951377724519	1.56373884709104	0.000394849163025379	0.0159424610512746
"Zm00001eb175780"	1.9450891473219	3.78859666090797	0.000395433863868073	0.0159424610512746
"Zm00001eb328840"	7.0648698981148	-1.42187483877875	0.000399858535772899	0.0159424610512746
"Zm00001eb140700"	-6.96552129335826	-1.35199499206963	0.000399858535772899	0.0159424610512746
"Zm00001eb375000"	-6.96552129335826	-1.35199499206963	0.000399858535772899	0.0159424610512746
"Zm00001eb420560"	-6.96552129335826	-1.35199499206963	0.000399858535772899	0.0159424610512746
"Zm00001eb151000"	-6.96552129335826	-1.35199499206963	0.000399858535772899	0.0159424610512746
"Zm00001eb357120"	-6.96552129335826	-1.35199499206963	0.000399858535772899	0.0159424610512746
"Zm00001eb220690"	-6.96552129335826	-1.35199499206963	0.000399858535772899	0.0159424610512746
"Zm00001eb256000"	-1.89696911315423	5.6504087647195	0.000404621815450565	0.016106888634634
"Zm00001eb255480"	-2.31111351616696	1.09772022719441	0.000408829543335684	0.0162487174021649
"Zm00001eb331240"	-2.6738236147446	0.279274107255847	0.000412182890000278	0.0163561960035071
"Zm00001eb168570"	1.98579987683743	2.91911998754028	0.000413041621939687	0.0163645012415664
"Zm00001eb235830"	-2.23282994324905	1.27095678322371	0.000416767553928289	0.0164861990955809
"Zm00001eb054760"	1.99826745488723	2.71631484752963	0.000421116996906642	0.0166321412038457
"Zm00001eb084680"	4.35178114236554	-1.08025928424349	0.000425708813909741	0.0167609542076526
"Zm00001eb192320"	-4.09714700988395	-0.942297160718987	0.000425708813909741	0.0167609542076526
"Zm00001eb145580"	1.87546361545774	7.06657309513305	0.000426742867853752	0.0167754552015271
"Zm00001eb195200"	1.87306364693721	7.87822307186776	0.000427538785549978	0.0167805643587046
"Zm00001eb399490"	-3.07617656626771	-0.117772641941059	0.000428778244700269	0.0168030392067767
"Zm00001eb242570"	1.99573204014797	2.6756027664457	0.000431082420052521	0.0168671037585146
"Zm00001eb061400"	1.87442954491382	6.37758371336628	0.000438383104210312	0.0171261666044828
"Zm00001eb347310"	-1.92304987633825	3.94880621928638	0.000439616651610251	0.0171477714973299
"Zm00001eb087100"	-2.07731387453759	2.03563945558829	0.000447456321503281	0.0174099435495008
"Zm00001eb180470"	2.13126336190831	1.69377988517749	0.000448211600797394	0.0174099435495008
"Zm00001eb196560"	1.89885882855327	4.3028325345008	0.000448410721629734	0.0174099435495008
"Zm00001eb057960"	2.25475006991476	1.04424601852142	0.00045246883788323	0.0175404765799717
"Zm00001eb291860"	1.88413703612457	4.95909452007645	0.000454258155088739	0.0175827910782274
"Zm00001eb339130"	2.16507529110421	1.22861228820001	0.000456391377057295	0.0176382667470701
"Zm00001eb384100"	-2.48878173858141	0.46292200204286	0.000457644895461321	0.0176596264561016
"Zm00001eb371800"	1.95306096002623	2.92584354891992	0.000460944263963142	0.0177597455096992
"Zm00001eb355980"	-2.03815638183431	2.15254848436879	0.000461952277156075	0.017771409892792
"Zm00001eb391140"	-2.08761559639095	1.96371773244437	0.000465205821949729	0.0178692931425141
"Zm00001eb428290"	-2.05917700461333	2.20389292456429	0.000468456351391194	0.0179667627737524
"Zm00001eb358230"	-2.56047893043668	0.364089768237062	0.000472500731967175	0.0180943365411989
"Zm00001eb292480"	2.07319824358868	1.80546579575507	0.000477241443465549	0.0182183655465451
"Zm00001eb370490"	-1.95916290547834	3.08831868919044	0.000477730450410374	0.0182183655465451
"Zm00001eb028680"	1.86105231763342	6.44267783447026	0.000477908549339879	0.0182183655465451
"Zm00001eb236840"	-1.88005959221692	4.95141196632651	0.00048017268846346	0.0182770262898826
"Zm00001eb414530"	2.02926240277193	2.13249109723031	0.000485977875994562	0.018470091281012
"Zm00001eb104470"	2.58442262799043	0.207820586840843	0.000487970817559816	0.0185057423123897
"Zm00001eb070510"	2.06717660375637	1.76282354363896	0.000488384738381585	0.0185057423123897
"Zm00001eb058050"	-1.96555079978564	2.92594814271039	0.000489433715041395	0.0185176437711908
"Zm00001eb255880"	2.13170416613552	1.46891576575042	0.000508761696754529	0.0192200558243188
"Zm00001eb020300"	2.4636581256344	0.502994083833642	0.000510799505706014	0.0192681526119463
"Zm00001eb296710"	2.69755924155403	-0.0386550203728431	0.000518414979375681	0.0195261893128676
"Zm00001eb042220"	-1.85551370853214	5.74430623609803	0.000521912107581671	0.0196285690848402
"Zm00001eb320890"	-1.84404899887277	7.41406868227143	0.000523193593481504	0.0196474398935126
"Zm00001eb040220"	-3.00602195907406	-0.174942691513621	0.000530697086883243	0.0198699928607488
"Zm00001eb200520"	-3.00602195907406	-0.174942691513621	0.000530697086883243	0.0198699928607488
"Zm00001eb241800"	-1.96534082046205	2.75866590462258	0.000532146471507421	0.0198946985000653
"Zm00001eb392870"	-1.84526680205189	6.35911121282867	0.000534666088143669	0.0199592830948802
"Zm00001eb432630"	2.25186031983618	0.894697847269984	0.000538825229408317	0.0200847901340692
"Zm00001eb298780"	1.97882973896401	2.47398508564669	0.000541459449133104	0.0201531686842776
"Zm00001eb375120"	1.98051331213292	2.35905253373368	0.000544025753144152	0.020218821427325
"Zm00001eb307100"	2.11791326339216	1.4579640205291	0.000550087664263154	0.0204140043653946
"Zm00001eb213670"	-1.84869068193769	5.48969509760732	0.000553155979563377	0.0204976829015264
"Zm00001eb045990"	-2.53544764533376	0.344000747659502	0.000554063604817266	0.0205011669811828
"Zm00001eb083160"	-1.93332098827345	2.97741599587722	0.000556288132387962	0.0205170211469018
"Zm00001eb080840"	-1.85685212506536	4.90053196231014	0.000556747008325357	0.0205170211469018
"Zm00001eb179130"	-1.88604438702616	3.79096169947095	0.000556934775159966	0.0205170211469018
"Zm00001eb290630"	1.88615174886014	3.67911354720519	0.000565560814780505	0.0207949638052943
"Zm00001eb230800"	1.83425628311507	6.66396300083562	0.000566130056767675	0.0207949638052943
"Zm00001eb410710"	-2.01129445628728	2.23305903889241	0.000573390549687499	0.021030997192177
"Zm00001eb152300"	-1.8602370576861	4.52123547980704	0.000577062187182602	0.0211349026055628
"Zm00001eb123070"	-2.59311059738967	0.214283406757219	0.000578571462320545	0.0211594248295401
"Zm00001eb245960"	-1.91783493750304	3.02030361117286	0.00058321562716666	0.0212838054520956
"Zm00001eb348560"	1.89542568264077	3.34485684885197	0.000583661781387334	0.0212838054520956
"Zm00001eb082700"	2.04195648736149	1.66407110485093	0.000588129314208395	0.0214157260974323
"Zm00001eb089110"	1.8277700072637	6.64753881447629	0.000590969012124996	0.0214880767208162
"Zm00001eb101150"	-1.95651219235433	2.68369963440236	0.000596421726805461	0.0216550931873833
"Zm00001eb423300"	-4.0334052619766	-0.993472401753651	0.00059934839867498	0.0216676914631451
"Zm00001eb106410"	-4.0334052619766	-0.993472401753651	0.00059934839867498	0.0216676914631451
"Zm00001eb158480"	-4.0334052619766	-0.993472401753651	0.00059934839867498	0.0216676914631451
"Zm00001eb152170"	-2.69653118245826	0.0959134160087025	0.000604761391572493	0.0218320595198334
"Zm00001eb326290"	-6.87877975079348	-1.42086043115632	0.00060623713488149	0.0218540247850412
"Zm00001eb071250"	-1.83476905095638	5.51892662824123	0.000613083691967009	0.022069261243121
"Zm00001eb133700"	2.21780932723924	1.01475843242412	0.00061535684586166	0.0221194890185765
"Zm00001eb353580"	-2.03761455328921	1.92419872910286	0.000620747095638476	0.0222814605639577
"Zm00001eb405380"	-1.91688626175563	2.96453790745359	0.000624710741335825	0.0223600301991195
"Zm00001eb241930"	-1.91688626175563	2.96453790745359	0.000624710741335825	0.0223600301991195
"Zm00001eb000450"	1.81439299618458	8.02819687270367	0.000628556522712989	0.02244759597715
"Zm00001eb098330"	1.87434245512788	3.60387987208022	0.000628938914194299	0.02244759597715
"Zm00001eb219030"	-2.82909002469345	-0.0331219753891882	0.000631937318123471	0.0225227108091587
"Zm00001eb078740"	-2.02945660857678	1.95835731094447	0.000640005662804634	0.022765487275378
"Zm00001eb260160"	-2.26327634112119	0.9713910802548	0.000643050070147855	0.022765487275378
"Zm00001eb048640"	-2.26327634112119	0.9713910802548	0.000643050070147855	0.022765487275378
"Zm00001eb167980"	-2.33551349521055	0.6090603427966	0.000644169871709839	0.022765487275378
"Zm00001eb046630"	-2.33551349521055	0.6090603427966	0.000644169871709839	0.022765487275378
"Zm00001eb231920"	2.29502265927273	0.580354099716919	0.000644169871709839	0.022765487275378
"Zm00001eb398180"	-2.50997437847764	0.323620598395638	0.000650574016635969	0.0229275021974729
"Zm00001eb426200"	2.49716837038907	0.280594097508246	0.000650574016635969	0.0229275021974729
"Zm00001eb136080"	-1.83965446794462	4.4614110046694	0.000658426486117952	0.0231087758682571
"Zm00001eb174600"	-2.96962245530118	-0.204425945803111	0.000658468968704206	0.0231087758682571
"Zm00001eb370000"	-2.96962245530118	-0.204425945803111	0.000658468968704206	0.0231087758682571
"Zm00001eb010420"	-1.84924246468136	4.27918118331115	0.000659677406006338	0.0231189864764224
"Zm00001eb264930"	1.82412782182358	5.26372835526385	0.000664014102387851	0.0232386490999571
"Zm00001eb046750"	1.82558063429484	5.00511153863092	0.000669545530821287	0.0233997340993548
"Zm00001eb028330"	-3.34812387883907	-0.750585943880436	0.000675268736602642	0.0234585989064185
"Zm00001eb409100"	-3.34812387883907	-0.750585943880436	0.000675268736602642	0.0234585989064185
"Zm00001eb291540"	-1.93415566566452	2.57018085424826	0.000675543359997901	0.0234585989064185
"Zm00001eb123110"	-2.02749188169509	1.74138989747166	0.000675814745983359	0.0234585989064185
"Zm00001eb283390"	-1.94138150993034	2.52532859627199	0.000675884705375817	0.0234585989064185
"Zm00001eb128310"	-1.96789726300682	2.29391671509952	0.000677366769439628	0.0234776999399446
"Zm00001eb076070"	-2.38427096460027	0.520076943993454	0.00067933718735762	0.0235136517129633
"Zm00001eb274080"	2.78332025439904	-0.411996809095757	0.000680832829598457	0.023533094156683
"Zm00001eb332540"	-2.21912958634555	1.02441422399411	0.000682511312541314	0.0235587945937206
"Zm00001eb041220"	1.83378329705203	4.47471180810941	0.000685998237690423	0.0236447924400605
"Zm00001eb269300"	1.82376079249158	4.89665419000145	0.000686879437499973	0.0236447924400605
"Zm00001eb080470"	2.93875709579802	-0.574308267400657	0.000691613410432557	0.0237752724639558
"Zm00001eb247000"	1.82375293819427	4.7559005567839	0.000696792492939291	0.0239206774347197
"Zm00001eb314010"	1.84181940611844	3.92044618752226	0.00070346371727964	0.0241168418340304
"Zm00001eb000570"	-1.9823058950304	2.17717126051639	0.000711683510845147	0.0243654906335272
"Zm00001eb193710"	1.96481574667534	2.11052871300628	0.000713103632734756	0.0243809841759164
"Zm00001eb187450"	-1.84096469595535	4.12012344444242	0.000714988746273155	0.0244123122338631
"Zm00001eb318100"	2.06922999583897	1.46737420520479	0.000724575082632902	0.0246830533617538
"Zm00001eb417500"	-2.12454462223146	1.38719572082725	0.000724877350888874	0.0246830533617538
"Zm00001eb339970"	1.82447786838426	4.38790554747203	0.000726792057304272	0.0247075871862126
"Zm00001eb211430"	-2.66624496944717	0.0716026808252523	0.000727558921032214	0.0247075871862126
"Zm00001eb191590"	-1.83260722173955	4.32996503829827	0.00073027554294861	0.0247664645103891
"Zm00001eb128000"	1.82210113771445	4.36960474620352	0.000731847014347923	0.0247863992843266
"Zm00001eb017800"	1.79843345562867	6.07943909112589	0.000733787024862052	0.0248187455737906
"Zm00001eb100200"	-1.87754900519392	2.98885160956795	0.00075205854450665	0.0254026423652528
"Zm00001eb029520"	-1.88560493558872	2.95868425916956	0.000754259498123131	0.0254428792954574
"Zm00001eb382380"	-1.89936536713284	2.77194013141624	0.000755665796776797	0.0254562389668205
"Zm00001eb202800"	1.90792382587039	2.64523662482126	0.000763763387396657	0.0256946726777316
"Zm00001eb229240"	-1.85203706966035	3.57654074712947	0.000767312016208927	0.0257796375792434
"Zm00001eb140880"	2.61979408761343	-0.101012817969382	0.000771933245749202	0.0258974303207995
"Zm00001eb258220"	1.81622338495845	4.41384669452982	0.000772873545568745	0.0258974303207995
"Zm00001eb312110"	2.04680967110682	1.6268130142596	0.000774651346770551	0.0259225293969779
"Zm00001eb332640"	-2.33856676865576	0.483860713559959	0.000784675450277291	0.0262231458834048
"Zm00001eb167820"	-1.83263561735137	3.94296229046118	0.000790350523176026	0.0263778178582642
"Zm00001eb279360"	-2.29432873354901	0.801651566665457	0.000798259486251564	0.0265569065230534
"Zm00001eb103390"	-2.23016167428961	0.945120040455256	0.000798671865959172	0.0265569065230534
"Zm00001eb339150"	1.86434167261512	3.14710600166767	0.000798878289724363	0.0265569065230534
"Zm00001eb079530"	-1.88052542488871	2.79898715531567	0.000803307934392237	0.0266689767204421
"Zm00001eb403720"	1.8118005098176	4.17960746901679	0.00081155837043069	0.0269032677122441
"Zm00001eb376600"	1.77557763793605	7.50995282680408	0.000813850299799254	0.0269032677122441
"Zm00001eb339850"	1.7759792342139	7.31102612309764	0.000814405129034916	0.0269032677122441
"Zm00001eb100140"	-1.87971096916581	3.00841529277183	0.000815416140646006	0.0269032677122441
"Zm00001eb368530"	1.8214647650248	3.91976572320295	0.000816173709247249	0.0269032677122441
"Zm00001eb101930"	-2.02793557961623	1.78748213647725	0.000816771164372836	0.0269032677122441
"Zm00001eb192450"	-1.96005003758645	2.01920686432732	0.000818697607423643	0.0269081319594742
"Zm00001eb091370"	-2.93228076134825	-0.234542521911418	0.00081905457627259	0.0269081319594742
"Zm00001eb323000"	-1.91305214878509	2.5032017880347	0.000821821578565912	0.0269638803863332
"Zm00001eb355020"	-2.01010514929036	1.81782452260237	0.000839101673137359	0.0274950376589274
"Zm00001eb331630"	2.24359604021492	0.53974064457342	0.000846682064906451	0.0277004382086603
"Zm00001eb362230"	-1.85913700083858	3.15997471464437	0.000849098243408741	0.0277004382086603
"Zm00001eb237520"	-3.96671654409629	-1.04659008219659	0.000849767391669751	0.0277004382086603
"Zm00001eb359070"	-3.96671654409629	-1.04659008219659	0.000849767391669751	0.0277004382086603
"Zm00001eb220420"	-1.92784525287542	2.26261564533964	0.000851517100072823	0.0277216122579264
"Zm00001eb015770"	-1.81046058267725	4.07209053350634	0.000853613502992954	0.0277540039334406
"Zm00001eb068120"	1.76886648385976	7.03934230070261	0.000856912781680513	0.0278253714855484
"Zm00001eb180060"	1.7785973959101	5.58697658453151	0.000861122825468207	0.0279260913206536
"Zm00001eb037500"	1.79738369985427	4.2296920722824	0.000870074450119972	0.0281801233857623
"Zm00001eb027690"	-2.08515917230373	1.41762365003745	0.000884694700662237	0.0286168640144892
"Zm00001eb296060"	1.75906322049359	7.95808568745993	0.000899503870588504	0.0290408450898474
"Zm00001eb323730"	-2.45763746985785	0.28195191458554	0.000900593978717302	0.0290408450898474
"Zm00001eb304250"	1.76025739674711	7.2791291899107	0.000901259657919702	0.0290408450898474
"Zm00001eb186150"	1.89595529123153	2.26847597674705	0.00090776892245639	0.0292132328327664
"Zm00001eb416330"	1.7876296783542	4.41286676849265	0.000909404854948237	0.0292285504272776
"Zm00001eb307600"	3.58507712144725	-0.909609205350828	0.000913660745371246	0.0292533970290529
"Zm00001eb141900"	3.58507712144725	-0.909609205350828	0.000913660745371246	0.0292533970290529
"Zm00001eb318920"	-3.29184306847196	-0.795180405814546	0.000913660745371246	0.0292533970290529
"Zm00001eb022860"	-1.99667310401383	1.67003223173296	0.000915578037602597	0.02927758298415
"Zm00001eb093560"	1.76858911481353	5.55352466170832	0.000917500935192381	0.0293018866476269
"Zm00001eb397970"	-6.78648738252737	-1.49328680554278	0.000929563606818287	0.0294277637149857
"Zm00001eb187770"	-6.78648738252737	-1.49328680554278	0.000929563606818287	0.0294277637149857
"Zm00001eb093110"	-6.78648738252737	-1.49328680554278	0.000929563606818287	0.0294277637149857
"Zm00001eb197170"	-6.78648738252737	-1.49328680554278	0.000929563606818287	0.0294277637149857
"Zm00001eb369990"	-6.78648738252737	-1.49328680554278	0.000929563606818287	0.0294277637149857
"Zm00001eb059260"	-6.78648738252737	-1.49328680554278	0.000929563606818287	0.0294277637149857
"Zm00001eb122890"	1.77349619890574	5.04094466619618	0.000929617426665951	0.0294277637149857
"Zm00001eb273240"	1.83569293417349	3.02962776704954	0.000940869075968953	0.0297465733704714
"Zm00001eb234720"	-2.72753832894227	-0.114637451575103	0.000944940558778038	0.02980051589498
"Zm00001eb110500"	-2.72753832894227	-0.114637451575103	0.000944940558778038	0.02980051589498
"Zm00001eb372130"	1.75893918557974	6.2316020523729	0.000947750837229206	0.0298517819956269
"Zm00001eb076990"	2.04704985742878	1.13569229851015	0.000958590800109926	0.0301555193273033
"Zm00001eb021790"	-1.8012392289816	3.78588113094575	0.000963667212083714	0.0302774144764157
"Zm00001eb396360"	2.01751432321211	1.51798694519662	0.000970855925077016	0.0304278596225584
"Zm00001eb258840"	-2.27055246104245	0.557759916719736	0.000972078220341279	0.0304278596225584
"Zm00001eb069530"	-2.27055246104245	0.557759916719736	0.000972078220341279	0.0304278596225584
"Zm00001eb043400"	1.76292895564447	5.24863119001429	0.000981809943642658	0.030694351066883
"Zm00001eb359320"	1.86351788709692	2.44934554344358	0.000987206864897428	0.0308239795722133
"Zm00001eb169020"	-2.04807025996129	1.44742748644742	0.00098853282441435	0.0308239795722133
"Zm00001eb158930"	-1.80794818066633	3.49435882019009	0.000989626139928588	0.0308239795722133
"Zm00001eb110420"	1.99999619291504	1.54781389306445	0.000997934799955923	0.0310213788650581
"Zm00001eb291640"	1.77545820624772	4.44490111073206	0.00099842599649028	0.0310213788650581
"Zm00001eb043900"	1.78026836219965	4.10427145635652	0.00100116536667968	0.0310681833862002
"Zm00001eb283800"	-1.77491243541205	4.53291194725311	0.0010029717286896	0.0310859552515627
"Zm00001eb190310"	-1.89341636559521	2.29580600308228	0.00101017074544803	0.0312335727726849
"Zm00001eb385070"	-1.76323944102537	5.0096866649186	0.00101021358082936	0.0312335727726849
"Zm00001eb194350"	-1.92765351859224	1.99398019402893	0.00101808222025595	0.0314382791495213
"Zm00001eb261260"	-1.76499465463383	4.88486337561926	0.00101973179083849	0.0314506752332294
"Zm00001eb138250"	-1.76986867476012	4.55217291396706	0.00102611795153397	0.0316089488297712
"Zm00001eb123470"	1.74475128204389	6.05451198049416	0.00103503449131223	0.031844687560544
"Zm00001eb226000"	1.77936439042628	4.05076591220164	0.00103737369871703	0.0318742037126937
"Zm00001eb408430"	2.12109443475078	0.938353079972639	0.0010385237418891	0.0318742037126937
"Zm00001eb371140"	-1.976082991858	1.6539835338359	0.00104977881071526	0.0321553849225029
"Zm00001eb262760"	-2.29136717289496	0.446687542493573	0.00105023739150805	0.0321553849225029
"Zm00001eb168100"	-1.7619905797355	4.66718333347472	0.00105354604400968	0.0322175403118396
"Zm00001eb213010"	1.79577148463888	3.55246086903334	0.0010563561508561	0.0322371074477256
"Zm00001eb311440"	-1.90428233617627	2.21334566933064	0.00105674461273995	0.0322371074477256
"Zm00001eb041460"	-1.73861131539213	6.18655205306091	0.00107427293325875	0.0327024356284037
"Zm00001eb022210"	1.93766082667058	1.66130382157013	0.0010745938844479	0.0327024356284037
"Zm00001eb284560"	2.10997634415978	0.997817547912666	0.00108064136499927	0.0328468047228607
"Zm00001eb261910"	-1.82922211710609	2.9869044736577	0.0010901596827453	0.0330631487923257
"Zm00001eb430020"	2.0232022388802	1.17443302099956	0.00109038323067	0.0330631487923257
"Zm00001eb072200"	1.76457145408623	4.09864321195752	0.00111675048191801	0.0338219695232812
"Zm00001eb030260"	-1.75287926899239	4.60639446469287	0.00111862723368604	0.0338381380965438
"Zm00001eb130280"	1.84218756907633	2.45402376188508	0.00112808828241252	0.034083415515864
"Zm00001eb001830"	-1.84675207551636	2.6661666690621	0.00112979873953158	0.0340942139385831
"Zm00001eb372830"	1.75645285696821	4.37297764792166	0.00113197076636594	0.0341133358682112
"Zm00001eb144580"	-1.79689908970303	3.23310370196205	0.00113314001594145	0.0341133358682112
"Zm00001eb339560"	-1.8665918624038	2.27503876344555	0.00115629162763286	0.0347687785597765
"Zm00001eb323630"	2.53759716375532	-0.166094255638136	0.00115919661367824	0.0348145843521625
"Zm00001eb209940"	-2.47794953907541	0.122670261524844	0.00116123393094644	0.0348342530857005
"Zm00001eb216640"	1.77765428520744	3.51920809243482	0.00117203112770757	0.0351163381164986
"Zm00001eb167150"	-1.82488116072172	2.73519397366932	0.00117612884420683	0.0351972620146361
"Zm00001eb170120"	1.77227662066036	3.63606248911868	0.00118082396774072	0.0352230204356672
"Zm00001eb243290"	-1.90750652718296	1.94098279923666	0.00118118312041189	0.0352230204356672
"Zm00001eb336040"	1.88328466516246	1.92835810175194	0.00118118312041189	0.0352230204356672
"Zm00001eb366090"	1.88097483971854	2.12826694488545	0.00118510773204247	0.035298279706863
"Zm00001eb039150"	-1.86956077350441	2.24767559267245	0.00119414738314089	0.0355255321846331
"Zm00001eb161910"	1.83087230570295	2.56620125849571	0.00120654941449069	0.0358086434633845
"Zm00001eb293150"	-1.85980707484406	2.2697993532402	0.00120978982694836	0.0358086434633845
"Zm00001eb020560"	4.19231851722644	-1.20935734538971	0.00121361145796215	0.0358086434633845
"Zm00001eb315640"	4.19231851722644	-1.20935734538971	0.00121361145796215	0.0358086434633845
"Zm00001eb020640"	4.19231851722644	-1.20935734538971	0.00121361145796215	0.0358086434633845
"Zm00001eb352680"	-3.89679509709542	-1.1018038202349	0.00121361145796215	0.0358086434633845
"Zm00001eb381840"	-3.89679509709542	-1.1018038202349	0.00121361145796215	0.0358086434633845
"Zm00001eb253780"	-1.95393916270392	1.77398560271727	0.00121900673725658	0.0359257681466564
"Zm00001eb005460"	1.71425328747819	6.68223822068733	0.00122132791118573	0.0359521269930583
"Zm00001eb313460"	1.74009719340089	4.26148306380306	0.00124229666656726	0.0363249257504147
"Zm00001eb172030"	-3.23327725225432	-0.841243457200795	0.00124264171747192	0.0363249257504147
"Zm00001eb351550"	-3.23327725225432	-0.841243457200795	0.00124264171747192	0.0363249257504147
"Zm00001eb416180"	-3.23327725225432	-0.841243457200795	0.00124264171747192	0.0363249257504147
"Zm00001eb041860"	-3.23327725225432	-0.841243457200795	0.00124264171747192	0.0363249257504147
"Zm00001eb219010"	-3.23327725225432	-0.841243457200795	0.00124264171747192	0.0363249257504147
"Zm00001eb433900"	-1.89895147565224	1.93436405816122	0.00124968981962625	0.0364886258110571
"Zm00001eb201290"	1.7102827790345	6.60831473337802	0.0012544855446344	0.0365862578167797
"Zm00001eb418840"	-1.81500428738211	2.72758425901783	0.00125712649897941	0.0366208942442579
"Zm00001eb293700"	-1.89800851273259	2.07760803502399	0.00127409590247437	0.0370659568056397
"Zm00001eb378190"	-2.04985355858248	1.12676144727878	0.00127534663665726	0.0370659568056397
"Zm00001eb366300"	-2.85456639879338	-0.296789631921332	0.00127698825939341	0.0370709103228055
"Zm00001eb331390"	1.76519129693725	3.5289125025916	0.00127964710512338	0.0370913516363215
"Zm00001eb283300"	-2.57137385365016	-0.00396329218712245	0.00128063639668226	0.0370913516363215
"Zm00001eb094710"	-2.2025279053127	0.504518663403222	0.00128503219914572	0.0371759372607049
"Zm00001eb152110"	-1.8412869848036	2.31305557380438	0.00129582851162216	0.0374452830686412
"Zm00001eb305700"	-1.81767970359409	2.52861467918388	0.00132352216747479	0.0381794626385942
"Zm00001eb179840"	-1.84614101920063	2.25926241871882	0.00132471568768729	0.0381794626385942
"Zm00001eb393480"	2.07104160998755	0.967388375412228	0.00132716999961795	0.0381794626385942
"Zm00001eb194530"	1.70815489230127	5.81213580568567	0.00132729618507058	0.0381794626385942
"Zm00001eb285830"	1.69766831662535	6.89155880480646	0.00134800526936494	0.0387309427337032
"Zm00001eb256230"	1.81472659659671	2.47429875471462	0.00134995973560022	0.038742921887989
"Zm00001eb057390"	-1.87875614166686	2.09656424366463	0.00135811935236192	0.0389266038398879
"Zm00001eb323300"	-1.94107805761285	1.57800672825421	0.00135944961421944	0.0389266038398879
"Zm00001eb304520"	-1.74194194268031	3.82698909122226	0.00136993877614437	0.0391824259719475
"Zm00001eb130650"	-1.7167351548913	4.88816422500418	0.00137190143203165	0.0391940728847318
"Zm00001eb109020"	-1.74109473706793	3.88138290552742	0.00138234380125327	0.0394327350635597
"Zm00001eb394430"	-1.708133464726	5.17645374480812	0.00138338510184089	0.0394327350635597
"Zm00001eb118760"	1.81003384485912	2.53069139583747	0.0013869274776446	0.039489037945411
"Zm00001eb434280"	-1.77569102078528	3.12682280201456	0.00139338389419939	0.039628089577919
"Zm00001eb147990"	-1.88168765969953	1.92103346872537	0.00139949226782992	0.0397569404337975
"Zm00001eb151610"	-2.23222383789685	0.644534290198476	0.00140501560371697	0.039868899980248
"Zm00001eb072020"	1.75710195095546	3.31715944363619	0.00141127173004261	0.0399525299539769
"Zm00001eb018150"	-3.08722476044307	-0.469264173692125	0.0014127194296767	0.0399525299539769
"Zm00001eb423080"	-3.08722476044307	-0.469264173692125	0.0014127194296767	0.0399525299539769
"Zm00001eb109960"	1.70192371824274	5.21627603952915	0.00141830850372742	0.0400656251983448
"Zm00001eb032870"	2.49467309567694	-0.199731836388804	0.00142510025962998	0.0402124035186519
"Zm00001eb104190"	-1.77208412571779	3.01146072588549	0.00144002819934017	0.0405881773679795
"Zm00001eb123000"	-1.7225854888136	4.08408978715379	0.00144341397637916	0.040603018553547
"Zm00001eb419900"	-1.8904088974424	1.84999219460242	0.00144377746741718	0.040603018553547
"Zm00001eb053440"	-1.74611091900957	3.58623887418674	0.00144970505189373	0.0407034940012959
"Zm00001eb311100"	1.70884732383606	4.56676493299341	0.0014505809037687	0.0407034940012959
"Zm00001eb100020"	1.70744257544831	4.66625413271352	0.00145492819971931	0.0407800676045909
"Zm00001eb341790"	1.69782266617124	5.31582426150093	0.00146122246493545	0.040894139842143
"Zm00001eb217590"	1.69468642301453	5.58155011773332	0.00146378282249095	0.040894139842143
"Zm00001eb001950"	-1.71168208800871	4.51897025136705	0.00146386674091646	0.040894139842143
"Zm00001eb392910"	-1.69596609380004	5.31109886497571	0.00147445789170783	0.0411443964067042
"Zm00001eb137990"	2.24073259706651	0.435637381502002	0.00147961537926123	0.0412063442189078
"Zm00001eb047060"	1.76378924028291	3.00208590847449	0.00147994846885116	0.0412063442189078
"Zm00001eb222960"	1.74930548897464	3.11004523682809	0.00150348395588179	0.0418154400886417
"Zm00001eb283920"	-1.84965867170453	2.13951014653027	0.00153351968760588	0.0426037806927154
"Zm00001eb108330"	1.71920206908247	3.73159279526603	0.00153756612512396	0.0426691533269532
"Zm00001eb432000"	-1.80783356846516	2.28735942614328	0.00154624044985982	0.0428626698081053
"Zm00001eb382890"	-2.53831121988042	-0.0300845337870252	0.00155191055680685	0.0429725738576034
"Zm00001eb193100"	1.67743231445019	6.20679201011557	0.00155708783880039	0.043068605227324
"Zm00001eb392600"	3.16187840897353	-0.756944997108111	0.00156120993283659	0.0431352718065968
"Zm00001eb219210"	-2.28994451070023	0.305593489096295	0.00156537573835991	0.0431557306949596
"Zm00001eb399650"	-2.28994451070023	0.305593489096295	0.00156537573835991	0.0431557306949596
"Zm00001eb391730"	-1.90540380731434	1.73639099803514	0.00156954495845502	0.0432233812712017
"Zm00001eb186970"	-1.8204459029105	2.20986436375628	0.00157660602585184	0.0433704351958675
"Zm00001eb189450"	-1.85556580167009	2.07868153693918	0.00158109834880785	0.0434465825444494
"Zm00001eb403450"	2.10412780679626	0.615136570866927	0.00159717020447818	0.0438404082924196
"Zm00001eb015210"	1.66742882355704	7.95204467860762	0.00159998590367238	0.0438414225619502
"Zm00001eb349060"	-2.81408081418317	-0.328982094871413	0.00160068690995294	0.0438414225619502
"Zm00001eb237240"	1.66776399198297	7.56228443131488	0.00160395729282365	0.0438832962698919
"Zm00001eb188610"	-1.88527651106859	1.63094921184294	0.00161275521819542	0.0440761453233061
"Zm00001eb203330"	1.68808930500049	4.68489770284198	0.0016201496420286	0.0441982788051509
"Zm00001eb248500"	-1.6969601552828	4.49055454444461	0.00162245366101114	0.0441982788051509
"Zm00001eb351250"	1.69039216802238	4.60603415643534	0.00162248622488946	0.0441982788051509
"Zm00001eb111160"	-1.73342369473902	3.46131170051701	0.00162486468651334	0.0442152703787938
"Zm00001eb023130"	-1.81938014614503	2.32413454345484	0.00164135787940878	0.0446158962732929
"Zm00001eb149460"	-1.66747769167304	6.45943551896967	0.00164855233199187	0.0447631698938912
"Zm00001eb135760"	-1.85539829777421	1.90080034916415	0.00166042350357593	0.0450369767955935
"Zm00001eb433630"	1.66618713487987	6.26797718815499	0.00166516647607422	0.0451170589936756
"Zm00001eb048770"	1.92757314039851	1.25982476245389	0.00167008784949202	0.045201797670784
"Zm00001eb170400"	-1.74239225170998	3.03808792197132	0.00167341150735023	0.045243157899368
"Zm00001eb039560"	1.6595330811676	7.75742803033701	0.00168327014867063	0.04542548510993
"Zm00001eb297510"	1.68634955021167	4.57208353407109	0.00168423828865551	0.04542548510993
"Zm00001eb220340"	1.6751354290675	5.24395323825438	0.00168556348034703	0.04542548510993
"Zm00001eb290530"	-2.13181861134685	0.774164933648357	0.00169489745026025	0.0454713914789881
"Zm00001eb373620"	-3.17223300661316	-0.888875499904953	0.00169906576885484	0.0454713914789881
"Zm00001eb346710"	-3.17223300661316	-0.888875499904953	0.00169906576885484	0.0454713914789881
"Zm00001eb154670"	-3.17223300661316	-0.888875499904953	0.00169906576885484	0.0454713914789881
"Zm00001eb418490"	-3.17223300661316	-0.888875499904953	0.00169906576885484	0.0454713914789881
"Zm00001eb342890"	1.75081180295924	2.89227120320113	0.00170135601162618	0.0454713914789881
"Zm00001eb042170"	1.69750340798042	4.07921337581904	0.00170166817437927	0.0454713914789881
"Zm00001eb409790"	-1.98854247809377	1.07926443050607	0.00170353088360812	0.0454713914789881
"Zm00001eb324500"	-1.66963342145563	5.66276993801545	0.00170396144588811	0.0454713914789881
"Zm00001eb422660"	-2.1553283095519	0.467870731956789	0.00170531252272576	0.0454713914789881
"Zm00001eb211640"	-1.94950159591958	1.37080061053636	0.00172222661153493	0.0458738542890667
"Zm00001eb241730"	-1.71267076099595	3.52709852409761	0.00172648028018478	0.045885083787593
"Zm00001eb055430"	-1.65951312458486	6.37903240597213	0.0017354096027712	0.045885083787593
"Zm00001eb313700"	-1.67771814060654	4.70952403024907	0.00173665649145501	0.045885083787593
"Zm00001eb005100"	-2.08953467112104	0.834856202437798	0.00173769068555168	0.045885083787593
"Zm00001eb014050"	1.66655415944115	5.33425886465086	0.00174133816401615	0.045885083787593
"Zm00001eb400550"	-1.74319931343707	2.98937467295332	0.00174509817137277	0.045885083787593
"Zm00001eb430410"	4.10545031227831	-1.27834466027674	0.00174632095215103	0.045885083787593
"Zm00001eb300810"	4.10545031227831	-1.27834466027674	0.00174632095215103	0.045885083787593
"Zm00001eb117240"	-3.82331147068548	-1.15928615521594	0.00174632095215103	0.045885083787593
"Zm00001eb359530"	-3.74588313599492	-1.21923178024131	0.00174632095215103	0.045885083787593
"Zm00001eb200910"	-3.74588313599492	-1.21923178024131	0.00174632095215103	0.045885083787593
"Zm00001eb280660"	-3.74588313599492	-1.21923178024131	0.00174632095215103	0.045885083787593
"Zm00001eb027000"	-3.74588313599492	-1.21923178024131	0.00174632095215103	0.045885083787593
"Zm00001eb288710"	-2.31783263612172	0.172028522809531	0.00175440786774789	0.0459750672892247
"Zm00001eb154450"	-2.31783263612172	0.172028522809531	0.00175440786774789	0.0459750672892247
"Zm00001eb387520"	-1.68822694217162	4.19096260416694	0.00175521925280713	0.0459750672892247
"Zm00001eb244790"	-1.95060710252328	1.18748018507868	0.00176488315408347	0.0461468215707609
"Zm00001eb175990"	-1.73431300862646	3.03192747864746	0.0017654391616086	0.0461468215707609
"Zm00001eb231290"	-1.83461898770464	1.9222086338318	0.00177363887754751	0.0463131113331006
"Zm00001eb371300"	1.78629644257522	2.32447636628268	0.001800240644393	0.0469141450103144
"Zm00001eb178890"	1.6842216279758	4.09413744978558	0.00180241078927416	0.0469141450103144
"Zm00001eb288790"	1.67748951990884	4.33895222522953	0.00180612041469105	0.0469141450103144
"Zm00001eb124290"	-1.7016228979636	3.76788757900199	0.00181055391214521	0.0469141450103144
"Zm00001eb036470"	1.74799823086779	2.64953327603633	0.00181194458058208	0.0469141450103144
"Zm00001eb019600"	-2.99452567500775	-0.543079121356053	0.00181333388481232	0.0469141450103144
"Zm00001eb037990"	-2.99452567500775	-0.543079121356053	0.00181333388481232	0.0469141450103144
"Zm00001eb146850"	2.62642425948447	-0.534822841152214	0.00181333388481232	0.0469141450103144
"Zm00001eb316910"	-1.70897279965553	3.40623808133131	0.00181411884014073	0.0469141450103144
"Zm00001eb198490"	-1.66682564979941	5.12686656176119	0.00181527467993716	0.0469141450103144
"Zm00001eb273380"	-1.64773711666355	7.24473561364155	0.00182611064182121	0.0471458360170192
"Zm00001eb315600"	1.84827344613531	1.55370516465723	0.00183098701071566	0.0472233476929512
"Zm00001eb149300"	1.90956993390987	1.2954012412792	0.00184344058201552	0.0474321210478283
"Zm00001eb228600"	-1.75830916023496	2.72522005570029	0.00184374743539722	0.0474321210478283
"Zm00001eb086700"	1.6461275593539	7.10402060398939	0.00184472889224826	0.0474321210478283
"Zm00001eb189550"	1.69401874976619	3.77597106049686	0.00184742381163024	0.0474529920544943
"Zm00001eb006440"	1.67909705509767	4.18621138228253	0.00186793460726314	0.0479309737615241
"Zm00001eb131420"	1.65701033100276	5.07776514159554	0.00188029157576516	0.047981890942327
"Zm00001eb220190"	-2.50447307338764	-0.0567017491132614	0.0018841231152203	0.047981890942327
"Zm00001eb060720"	-2.50447307338764	-0.0567017491132614	0.0018841231152203	0.047981890942327
"Zm00001eb027380"	-2.50447307338764	-0.0567017491132614	0.0018841231152203	0.047981890942327
"Zm00001eb121710"	-2.46982215789899	-0.0838343118628821	0.0018841231152203	0.047981890942327
"Zm00001eb428240"	-2.46982215789899	-0.0838343118628821	0.0018841231152203	0.047981890942327
"Zm00001eb184970"	2.39010475004655	-0.104234609009547	0.0018841231152203	0.047981890942327
"Zm00001eb061250"	-1.65861671395492	5.03803878574143	0.00188831229799008	0.047981890942327
"Zm00001eb362240"	1.90678916687281	1.38726476388365	0.00188849285410404	0.047981890942327
"Zm00001eb292200"	-1.74355248076237	2.69357238067634	0.00189057085902365	0.047981890942327
"Zm00001eb043450"	1.63903577792044	8.95497443401193	0.00189086505697796	0.047981890942327
"Zm00001eb319980"	-2.19206644939439	0.36925575523801	0.00190586032027084	0.0482567617562891
"Zm00001eb075210"	-1.66327989923715	4.81165343331831	0.00190678966851639	0.0482567617562891
"Zm00001eb057700"	-1.68899655005269	3.85062447686619	0.0019074424442124	0.0482567617562891
"Zm00001eb256380"	1.73839597088612	2.60689129163668	0.00192611436040589	0.0486802704649023
"Zm00001eb166870"	-1.73841169055868	2.68965993427541	0.00195520456666385	0.0493659766240437
"Zm00001eb230280"	2.07730794000446	0.410770661463063	0.00196734257521285	0.0496227209311446
"Zm00001eb085640"	-1.68277160936542	3.78189423206896	0.00197314295693207	0.0497192562287743
