"logFC"	"logCPM"	"PValue"	"FDR"
"Zm00001eb229190"	-6.51353781796147	5.35841247471082	1.46337759096533e-21	3.71639373001556e-17
"Zm00001eb159020"	-6.89318560709077	4.27495404686457	4.12889515813209e-21	5.24287107179613e-17
"Zm00001eb357740"	-6.79136433260971	4.00709096845217	2.52600188697016e-20	2.13834479738314e-16
"Zm00001eb067380"	-6.8357773805111	3.86207857038116	3.69130098540779e-20	2.34360699563541e-16
"Zm00001eb250940"	6.19226633559638	3.43418879001247	3.56989006727893e-17	1.81321856297231e-13
"Zm00001eb072870"	5.0770485133141	4.09644137704299	5.14023810414604e-15	2.17569144821488e-11
"Zm00001eb065210"	-4.81203578208689	4.09168374848785	2.87083921257168e-14	1.041540466321e-10
"Zm00001eb148070"	4.86885364321385	3.95426297100593	3.55743719954722e-14	1.12930843899627e-10
"Zm00001eb332560"	4.56412011770876	4.78977652715128	1.14323741577265e-13	3.22596193455137e-10
"Zm00001eb323090"	4.39409561718184	3.93981866849207	1.93108152389498e-12	4.9041746380837e-09
"Zm00001eb326950"	4.32087642144795	4.02928700151324	2.81754610503537e-12	6.50494553486166e-09
"Zm00001eb344730"	4.54215133591137	2.91806002540252	5.01378555259554e-12	1.0610841491143e-08
"Zm00001eb215860"	4.2923899708418	3.75714446475254	6.36323679043815e-12	1.20520397343705e-08
"Zm00001eb212460"	4.15119583590891	4.42371452086787	6.64390283041375e-12	1.20520397343705e-08
"Zm00001eb284770"	5.48475195867212	1.58532786588267	1.06006948880057e-11	1.79476831583863e-08
"Zm00001eb228670"	3.91961585419959	5.63020993059381	2.29237198389028e-11	3.63856743142985e-08
"Zm00001eb401330"	-5.02950065760986	1.62485156250015	2.63980503211446e-11	3.9435581526811e-08
"Zm00001eb048370"	4.1569477992012	3.27855335281955	3.97594397401085e-11	5.60961517577664e-08
"Zm00001eb274690"	4.22319683546173	3.02431288802603	5.01578790777684e-11	6.52775138274559e-08
"Zm00001eb113780"	-3.96547852540665	3.91070361516434	5.14077128897904e-11	6.52775138274559e-08
"Zm00001eb161610"	-4.68684303981205	1.76683419297306	8.68828990027247e-11	1.05070385860628e-07
"Zm00001eb409030"	-5.82105725332674	1.13894568697564	9.42472070478502e-11	1.08795548644873e-07
"Zm00001eb389190"	3.7446228577049	6.06623133249661	1.01696491776547e-10	1.12290613267704e-07
"Zm00001eb396520"	-3.74966283411066	5.1821827910072	1.26191381515835e-10	1.31386204846615e-07
"Zm00001eb240910"	-3.93167590900039	3.45683743621329	1.293374988646e-10	1.31386204846615e-07
"Zm00001eb314610"	3.69622971666096	4.83016674366964	2.58670202521396e-10	2.52661094739745e-07
"Zm00001eb110240"	-5.70685634569081	1.02923960499508	2.73605902829005e-10	2.57351685490571e-07
"Zm00001eb258790"	3.64790754602424	5.33891974161292	3.22095494997251e-10	2.92140613962507e-07
"Zm00001eb123400"	-3.91505592112889	2.72304860517602	5.68526224705783e-10	4.97872138021657e-07
"Zm00001eb415520"	3.64053028204456	3.86944379858727	9.75104972410707e-10	8.25458862644744e-07
"Zm00001eb301270"	3.78857443071272	2.99197959688681	1.07235620520872e-09	8.78501877015505e-07
"Zm00001eb187450"	4.16424679845295	1.99647403528435	1.32296866359523e-09	1.04994100564577e-06
"Zm00001eb325410"	-3.60154095494565	3.80573555652038	1.37987728654765e-09	1.06192010815649e-06
"Zm00001eb101660"	-3.92065975555971	2.2978314705482	2.03814210539084e-09	1.47972655030971e-06
"Zm00001eb223620"	4.3552142931428	1.67990574265706	2.03931442986454e-09	1.47972655030971e-06
"Zm00001eb069310"	-3.4432455089796	4.05579944845003	3.60363075881205e-09	2.54216129863308e-06
"Zm00001eb088020"	-3.34997248542236	5.70228874195238	3.87234006267346e-09	2.65789049274744e-06
"Zm00001eb375120"	3.38948706443893	4.01730004852128	6.62642791368825e-09	4.42854640252702e-06
"Zm00001eb198620"	-3.50674921123058	2.90445260677739	7.4570314144329e-09	4.64636634638188e-06
"Zm00001eb212520"	-3.63791797514139	2.403266526186	7.49794423850423e-09	4.64636634638188e-06
"Zm00001eb011990"	5.79509320483272	0.464592378838614	7.50122146013771e-09	4.64636634638188e-06
"Zm00001eb130790"	4.4365752234103	1.29561284215702	8.83882549796211e-09	5.34454315110109e-06
"Zm00001eb299760"	-3.31183270814901	4.37249427901076	9.84914417561509e-09	5.69312575157463e-06
"Zm00001eb112260"	-3.31331451658103	4.20272988044713	9.86366093358338e-09	5.69312575157463e-06
"Zm00001eb087860"	5.6899454410868	0.36812563406028	1.82356903150151e-08	1.02914131386694e-05
"Zm00001eb414810"	3.63924235771528	2.08115581129076	2.02041434807204e-08	1.11544440833995e-05
"Zm00001eb087960"	-3.11979967804474	8.4001882445143	2.21624791042635e-08	1.19752833900399e-05
"Zm00001eb018040"	-4.12272595246234	1.02379455758663	2.79142843127603e-08	1.47689825918096e-05
"Zm00001eb397030"	8.5518700148276	-0.0217170553076239	3.49492518207116e-08	1.81136979436488e-05
"Zm00001eb179680"	-3.13360639916363	4.58834430329298	3.64014385106398e-08	1.84890186483242e-05
"Zm00001eb367770"	3.11906018220108	4.71426637294184	4.32275995203462e-08	2.15256493611512e-05
"Zm00001eb361170"	-3.43157470210454	2.2150697158562	4.69127177075462e-08	2.2911449594247e-05
"Zm00001eb081770"	-3.63592256917595	1.76044300037888	4.8684394847819e-08	2.33280922934946e-05
"Zm00001eb384750"	3.16972034551244	3.49561141250088	6.07865423214353e-08	2.85876857184291e-05
"Zm00001eb014050"	-3.0199257673232	6.09696229756585	6.44944922638142e-08	2.93082504202348e-05
"Zm00001eb320890"	-3.00140727305242	7.57727987111828	6.46267925473755e-08	2.93082504202348e-05
"Zm00001eb069320"	-3.0613256482292	4.52374327431473	6.80478323359034e-08	3.03182938596948e-05
"Zm00001eb099460"	8.462848029866	-0.102719412890958	7.0301408818415e-08	3.07823203164219e-05
"Zm00001eb237960"	-2.95370219443501	7.23252979273477	9.93068648041344e-08	4.27457142129796e-05
"Zm00001eb171840"	3.22018225913298	2.81444683906727	1.08398297266622e-07	4.58813859563857e-05
"Zm00001eb165030"	3.39794823022771	2.11914541174094	1.23805095121296e-07	5.15435114049251e-05
"Zm00001eb369550"	4.74521451757743	0.369933772743067	1.34079492979159e-07	5.49206903822375e-05
"Zm00001eb106430"	-2.92671286477729	5.73447413702036	1.51685225484812e-07	6.11459997843222e-05
"Zm00001eb293570"	2.95034049564265	4.82981242831849	1.68199152268117e-07	6.67435261093921e-05
"Zm00001eb405160"	-5.57575764885268	0.0262708387373071	1.92452872946655e-07	7.51928178669729e-05
"Zm00001eb087980"	-3.55600916658382	1.34883261128925	2.03559316575281e-07	7.83271576325128e-05
"Zm00001eb336580"	-2.92391420125532	4.64872235798879	2.15882179549227e-07	8.18290124154053e-05
"Zm00001eb380990"	3.06031042721124	3.01471478236037	2.25233743706361e-07	8.4118178752452e-05
"Zm00001eb172450"	2.86256293383883	6.58814322793234	2.38627026337722e-07	8.78285791430837e-05
"Zm00001eb364840"	8.26640943014961	-0.280073550399683	2.42362341287002e-07	8.79290574189245e-05
"Zm00001eb128610"	4.20527572193601	0.785622638666931	2.45860456575426e-07	8.79418613406973e-05
"Zm00001eb283460"	-3.74092715016615	0.887766960998234	2.70586921603747e-07	9.5442020292344e-05
"Zm00001eb146840"	3.28038106315605	2.09016211836785	2.74399538223231e-07	9.54609681194132e-05
"Zm00001eb052020"	2.84363878810499	6.45370577864009	2.85052142104204e-07	9.78268135253831e-05
"Zm00001eb413120"	-3.812818645956	0.740973487863436	3.24023343147945e-07	0.000109718624301136
"Zm00001eb019880"	-3.18319335369258	2.05515720484956	3.28382854009852e-07	0.000109731723163608
"Zm00001eb162570"	-4.21969303529259	0.559843818872364	3.94683127532194e-07	0.000130173671516982
"Zm00001eb060840"	3.27506794080553	1.92995469366054	4.19842823884411e-07	0.000136696517376519
"Zm00001eb165470"	3.12922284089811	2.28437091750923	4.35412571778445e-07	0.000139053925275612
"Zm00001eb019280"	3.61524400841725	1.19091988213052	4.3803410072645e-07	0.000139053925275612
"Zm00001eb359850"	2.7938002423861	5.98849669154579	4.5283466978789e-07	0.000141977645357201
"Zm00001eb250730"	-3.54827530921202	1.06202246818127	4.80275670091285e-07	0.000148744889239491
"Zm00001eb023220"	2.96055679498759	2.96043221925173	4.92876895893349e-07	0.000150808453591657
"Zm00001eb301260"	2.77092002873329	6.73760319260621	5.07368807326493e-07	0.000153394502748376
"Zm00001eb128310"	3.45308221850053	1.3524907162478	5.42530813872109e-07	0.000162095441754072
"Zm00001eb267480"	-3.63283170549649	0.790552457656637	6.74016029288427e-07	0.000199038500928011
"Zm00001eb253650"	-4.36102959027377	0.304812509622781	6.91958858440694e-07	0.000201988358263907
"Zm00001eb122620"	2.77171360296647	4.81022147541537	7.15392911863578e-07	0.000202491523676314
"Zm00001eb158640"	-2.73741588794511	6.07407637397434	7.18406312596104e-07	0.000202491523676314
"Zm00001eb168100"	-2.75406477405046	5.20918916119979	7.24541272748381e-07	0.000202491523676314
"Zm00001eb388510"	-2.7487308101515	5.31740664242389	7.25576021993406e-07	0.000202491523676314
"Zm00001eb344420"	3.17590592423458	1.75813273322988	7.49098930999587e-07	0.000206783874474625
"Zm00001eb235950"	-4.33508879700751	0.281238617816768	8.26558324393316e-07	0.000225712636626803
"Zm00001eb271090"	2.96621074399278	2.35854771992162	1.01198653509078e-06	0.000273408617501759
"Zm00001eb283990"	2.70713009376965	5.33697760740128	1.03763017579819e-06	0.000277385852048113
"Zm00001eb065120"	-2.72564026100426	4.46657842319884	1.12789765279386e-06	0.000298375924899509
"Zm00001eb015630"	3.34715619676446	1.25915675008883	1.18687110651456e-06	0.000310739985783955
"Zm00001eb105530"	8.03894341315238	-0.482834119134506	1.23039354512008e-06	0.000318847698692547
"Zm00001eb356910"	-2.63898576376894	7.10132840536836	1.42419440481325e-06	0.000362192158856757
"Zm00001eb119760"	2.75506299278389	3.62980368655107	1.42617797628271e-06	0.000362192158856757
"Zm00001eb120540"	3.78860117032325	0.710607280548871	1.53718460136275e-06	0.00038651821917038
"Zm00001eb355980"	-2.83513945108061	2.76748428949524	1.61643503677382e-06	0.000402460629352038
"Zm00001eb347850"	2.6195892941365	7.62807064554265	1.64716386316626e-06	0.000406129839504567
"Zm00001eb026800"	-3.31875909439517	1.00394653592033	1.84660597100652e-06	0.000449707126634358
"Zm00001eb197370"	2.63317059838226	5.35783660433792	1.85931832952463e-06	0.000449707126634358
"Zm00001eb295610"	-2.64466814848018	4.68949795737304	1.91541074035704e-06	0.000457398249893337
"Zm00001eb217970"	-2.66087485774749	4.43670025500696	1.92713863358746e-06	0.000457398249893337
"Zm00001eb345210"	3.51158604734557	0.918079156810418	1.99409584643812e-06	0.000468907945519838
"Zm00001eb407630"	4.3675902885673	0.0339868932256654	2.06430631450386e-06	0.000478247333510237
"Zm00001eb206620"	3.99788701302811	0.224895257664617	2.07147608623902e-06	0.000478247333510237
"Zm00001eb167950"	3.04126053540278	1.8045903381419	2.20958724919837e-06	0.00050553763766344
"Zm00001eb073030"	2.78081606272477	2.77091920970473	2.2586054933143e-06	0.000512138795609017
"Zm00001eb233080"	-2.98612359403537	1.61097643698707	2.34360197424001e-06	0.000526708988830082
"Zm00001eb229880"	2.67086965000123	3.79319871696788	2.4136934492773e-06	0.000537703147700406
"Zm00001eb356820"	2.80248940098106	2.61012321479284	2.45527540514953e-06	0.000542210210340673
"Zm00001eb367810"	2.73543988119379	2.79784897197687	2.89918608285564e-06	0.000634721808277603
"Zm00001eb231980"	-2.62220949413662	3.87932745342187	3.13987934024946e-06	0.000681541672863036
"Zm00001eb187050"	2.62659000581245	3.81612417556451	3.25474302822975e-06	0.000700486897838329
"Zm00001eb107100"	-3.1691814258316	1.12606219591649	3.33448733968562e-06	0.000711618827551731
"Zm00001eb213670"	-2.56265258717228	4.9448188470893	3.50468953599288e-06	0.000741709128800627
"Zm00001eb029530"	2.95529107957704	1.80546744654312	3.58336278994633e-06	0.000752091581929562
"Zm00001eb384110"	2.56027554733595	4.69204383596579	3.78442658428393e-06	0.000787781127331759
"Zm00001eb121900"	-2.64506478584359	3.25342323181459	3.93611406127744e-06	0.000812695550408145
"Zm00001eb060890"	2.70530958914552	2.83506501390169	4.17873672221148e-06	0.000854610777767047
"Zm00001eb390820"	2.5510990539567	4.7151106153457	4.22970453391074e-06	0.000854610777767047
"Zm00001eb188750"	-3.30628187321635	0.684799536322067	4.27372691669613e-06	0.000854610777767047
"Zm00001eb146380"	-3.30628187321635	0.684799536322067	4.27372691669613e-06	0.000854610777767047
"Zm00001eb028770"	-2.65327079819365	3.02976554701355	4.58378014895464e-06	0.000909450630178531
"Zm00001eb019930"	-2.62182932799599	3.30903396539855	4.6654216094235e-06	0.000918473234053637
"Zm00001eb207130"	-2.70690049828488	2.56227961690616	4.71108947481869e-06	0.000920329448480734
"Zm00001eb340550"	-2.7116918924555	2.43033662362344	4.81714462234593e-06	0.000933864159000742
"Zm00001eb079740"	-2.54380337120461	4.08273515852261	5.06606283056684e-06	0.000970747522439271
"Zm00001eb155660"	2.67436018248406	2.83911277088236	5.0838486566555e-06	0.000970747522439271
"Zm00001eb189510"	2.50221640898056	5.39244148446523	5.17008116666618e-06	0.000979846129169062
"Zm00001eb332640"	-3.85476522208705	0.230949986788583	5.71846483575554e-06	0.00106981160480182
"Zm00001eb169870"	-3.09127700701077	1.05801394414286	5.72902733710222e-06	0.00106981160480182
"Zm00001eb383680"	-2.84269329008817	1.62792881636914	5.79392775315374e-06	0.00107403349794958
"Zm00001eb124960"	-2.45936757864312	6.17749415281638	6.54754443723735e-06	0.0012049379603484
"Zm00001eb288160"	-3.32076828639074	0.514814785810143	6.69661855796771e-06	0.00122350593451905
"Zm00001eb303250"	-3.82681403285979	0.206160543809189	6.86184509236075e-06	0.00124473869975424
"Zm00001eb187280"	2.62300739383649	2.82524123069885	7.0746161238136e-06	0.00127423369560546
"Zm00001eb355990"	-2.45968653106247	5.31817860967319	7.32516956782016e-06	0.00131007046721381
"Zm00001eb239380"	2.42319607341048	8.14519301380588	7.82716906102592e-06	0.00139006143687982
"Zm00001eb159180"	2.47323564664286	4.39048538005679	7.97760490984125e-06	0.00140693926590506
"Zm00001eb008070"	-2.58253875781193	2.92314673584745	8.07159842117108e-06	0.00141369871382111
"Zm00001eb248540"	2.53662035538132	3.3869805436007	8.53654708190191e-06	0.00148489143624644
"Zm00001eb406950"	2.43016727937681	5.38619885797985	9.03659045532696e-06	0.00156117857961553
"Zm00001eb231110"	2.48037402932689	3.88673508431189	9.23963513670365e-06	0.00158547144548463
"Zm00001eb370870"	2.44524901994427	4.64069082709101	9.58930222897494e-06	0.00163442898930904
"Zm00001eb180950"	2.53404707834577	3.15877781542693	9.84131622840662e-06	0.0016662004462441
"Zm00001eb048560"	-2.71369278198221	1.87288258820936	9.91946520649707e-06	0.00166778849332932
"Zm00001eb283480"	3.06477913611023	1.01425298241013	1.00197344217101e-05	0.00166778849332932
"Zm00001eb122680"	2.41357545534789	5.548641716479	1.00477098550711e-05	0.00166778849332932
"Zm00001eb340140"	-2.56031307618536	2.70310744635495	1.01498746883465e-05	0.00167380660769642
"Zm00001eb287790"	-2.75398691763548	1.61749914790713	1.02524255709745e-05	0.00167981032129334
"Zm00001eb391230"	2.46460341597067	3.86038361909476	1.07244578580916e-05	0.00174588674207753
"Zm00001eb281980"	-2.61919604642697	2.16105305843907	1.10604416416125e-05	0.00178911449637191
"Zm00001eb324090"	-2.38985995534852	6.08654634405547	1.13185387395759e-05	0.00181927601158399
"Zm00001eb252920"	-3.06914139245411	0.785962539611908	1.15061740494476e-05	0.00183780374943252
"Zm00001eb281140"	2.98700571611509	1.07778676446475	1.16887239283766e-05	0.00185529270553158
"Zm00001eb338780"	2.94588305422706	1.16178251937758	1.20951437676028e-05	0.00190787746038534
"Zm00001eb433540"	-2.38204505576545	5.49323289829764	1.2611453603072e-05	0.00197703997347912
"Zm00001eb146850"	2.57781067233429	2.4562414207672	1.3192673054469e-05	0.00205546702387298
"Zm00001eb171850"	7.61199767190372	-0.854663194243516	1.44320652367268e-05	0.00223485810214582
"Zm00001eb231200"	3.00411044032528	0.962430312311656	1.58834395159182e-05	0.00244470199967429
"Zm00001eb249800"	-2.45744205142855	2.97295743417594	1.67586492215976e-05	0.00256387141946803
"Zm00001eb316290"	-2.40315170165202	3.66868014887489	1.71783355563132e-05	0.00260962976649698
"Zm00001eb336410"	-2.43302403995201	3.18537291488107	1.72632619613913e-05	0.00260962976649698
"Zm00001eb379570"	-2.53030669781682	2.34556258266033	1.80390305273019e-05	0.00271076461107313
"Zm00001eb413850"	-2.32652800267743	5.5937573152281	1.93706515554987e-05	0.0028937474523732
"Zm00001eb346800"	-2.5313397248546	2.20382784310174	2.00065890450766e-05	0.00296603133094035
"Zm00001eb322810"	-7.63350326821267	-0.935873730367706	2.02048913314176e-05	0.00296603133094035
"Zm00001eb384070"	-7.63350326821267	-0.935873730367706	2.02048913314176e-05	0.00296603133094035
"Zm00001eb049040"	-3.6466798072569	0.0479340820635519	2.13954130327462e-05	0.00312274660563001
"Zm00001eb170920"	2.43972336982314	2.86409981636046	2.17939034419882e-05	0.00316273126750132
"Zm00001eb104160"	-2.62918182413112	1.63436811552544	2.22226174638965e-05	0.0032066226881427
"Zm00001eb309340"	-2.74740474395433	1.32927052562051	2.47863588836346e-05	0.00355635237406094
"Zm00001eb235510"	2.31115705830805	4.72603250561842	2.52276370209937e-05	0.00359933185272559
"Zm00001eb214700"	-7.56970313963639	-0.991375686235253	2.84940775186659e-05	0.0040251595649141
"Zm00001eb377400"	-2.53298023629489	2.00455313434607	2.85292456168112e-05	0.0040251595649141
"Zm00001eb376710"	2.45183846652594	2.45803655292416	2.88912988379079e-05	0.00405372058169895
"Zm00001eb164390"	-2.63668514790871	1.38367938240475	2.93044865406853e-05	0.00406687961926466
"Zm00001eb383830"	-2.27127758062469	5.5415291105358	2.9305361880825e-05	0.00406687961926466
"Zm00001eb116230"	-2.24577981741785	8.30531819448287	3.03120108329568e-05	0.00417010412622319
"Zm00001eb426920"	-2.35333365235639	3.20577046351625	3.03775895161163e-05	0.00417010412622319
"Zm00001eb187130"	-2.60212723615118	1.48879251676971	3.09483279809567e-05	0.00422561149142137
"Zm00001eb044960"	-2.25977389095398	5.33777923216386	3.20024223221137e-05	0.00434616854167059
"Zm00001eb138650"	-2.26080811446685	5.06204365619749	3.33125423251166e-05	0.00450002832387586
"Zm00001eb203330"	2.27577810643484	4.58728493780937	3.38590689609455e-05	0.00454965563667816
"Zm00001eb359320"	2.32923209785094	3.44152355475443	3.53607400140128e-05	0.00472642817576774
"Zm00001eb364420"	-2.27334211404178	4.22532332309651	3.70719266470745e-05	0.00491667177131327
"Zm00001eb124950"	-2.24044211961116	5.41025325363542	3.71712466566446e-05	0.00491667177131327
"Zm00001eb216000"	2.30350188966343	3.55931127248487	3.76484833012721e-05	0.00495399420683475
"Zm00001eb355690"	-2.74014998271366	1.06789411796624	3.83039247642293e-05	0.00501426017171324
"Zm00001eb353230"	-2.28133318433578	3.69970881684294	3.96138161749661e-05	0.00515177746156366
"Zm00001eb146510"	-2.25350621691491	4.37399874211497	3.97601347639974e-05	0.00515177746156366
"Zm00001eb275420"	2.33332269684359	3.05630387623181	4.02259073418973e-05	0.00518567077591281
"Zm00001eb143500"	-7.50295051438457	-1.04904655913408	4.04915838423148e-05	0.00519355688514862
"Zm00001eb074910"	2.42035454958627	2.32460697488859	4.13185135275188e-05	0.00527298979670787
"Zm00001eb201580"	-2.33663418965825	2.82946147154165	4.18104894614592e-05	0.00530909595181609
"Zm00001eb293510"	2.2524471252625	4.18808879738185	4.29394564228007e-05	0.00542532554882312
"Zm00001eb341630"	2.20832435011867	6.44568411945471	4.32260374639359e-05	0.00543449726452532
"Zm00001eb431080"	2.26308824259663	3.84213234446138	4.58577859245836e-05	0.00573119242779563
"Zm00001eb241920"	-2.20498999174358	5.86110095835198	4.60372993884985e-05	0.00573119242779563
"Zm00001eb224180"	2.20211257607686	5.7711921148885	4.70202475500964e-05	0.00582500588674267
"Zm00001eb119080"	-2.40237254815945	2.23851708932493	4.73226499806128e-05	0.00583400980052254
"Zm00001eb220680"	-3.20016876665615	-0.0402621478568921	4.77507281575124e-05	0.00584219761020669
"Zm00001eb396660"	3.46425989666338	0.135618851088897	4.78491535250824e-05	0.00584219761020669
"Zm00001eb266160"	-2.27495189381766	3.35961203051448	4.88757917350088e-05	0.00593899333446068
"Zm00001eb239990"	-2.28328246176955	3.21372633573435	5.03914187696262e-05	0.00607181310451322
"Zm00001eb264140"	-2.8600420517943	0.607620974423754	5.04470217771416e-05	0.00607181310451322
"Zm00001eb306070"	-2.19559411735503	4.89347883210389	5.57618603074205e-05	0.00666908975820458
"Zm00001eb149500"	-2.48066638492112	1.6230014799245	5.59346400416434e-05	0.00666908975820458
"Zm00001eb260160"	-2.32394658650742	2.45046604211106	5.73580066389611e-05	0.00680684082524793
"Zm00001eb418890"	-7.43295880952541	-1.10906230711113	5.80014579362886e-05	0.00685118616627901
"Zm00001eb214550"	3.28786423462229	-0.0132261692763457	5.87160314657251e-05	0.00690348303288682
"Zm00001eb345950"	-2.64783672286018	1.08033692613047	6.22634650274441e-05	0.00728683390708281
"Zm00001eb346920"	-4.66815841899623	-0.783739813908101	6.25587787063227e-05	0.0072878107524118
"Zm00001eb129480"	2.23066151335581	3.61266722321448	6.31789013667198e-05	0.00731825315802981
"Zm00001eb122110"	-2.1557954427908	6.22381353763306	6.3445920093833e-05	0.00731825315802981
"Zm00001eb342740"	2.27920513109143	2.94659889207196	6.37115883981133e-05	0.00731825315802981
"Zm00001eb159220"	2.46821036826819	1.7193713355448	6.44949643021695e-05	0.00731825315802981
"Zm00001eb080840"	-2.2501554890397	3.24951998246545	6.47175801723654e-05	0.00731825315802981
"Zm00001eb107560"	-2.17054359485619	4.89200112953275	6.47472172430233e-05	0.00731825315802981
"Zm00001eb018630"	-2.34705923791429	2.29102149784309	6.48372562827495e-05	0.00731825315802981
"Zm00001eb068480"	3.23123335147729	0.228743559145767	6.69068540412162e-05	0.00751843568686162
"Zm00001eb206400"	2.14234859938516	6.85540372444529	6.72657890298477e-05	0.00752547126961239
"Zm00001eb344160"	-2.49908110301844	1.33732095970051	6.84985529025088e-05	0.00762977741014085
"Zm00001eb136150"	-2.6313705080442	1.06656439606821	6.90776462032207e-05	0.00763450756605161
"Zm00001eb055460"	2.13636973765667	7.24835671622619	6.9389954704455e-05	0.00763450756605161
"Zm00001eb032280"	-2.19746116830932	3.85394418384349	6.94428747738983e-05	0.00763450756605161
"Zm00001eb033080"	-2.17474241941564	4.2141692711363	7.28053232393341e-05	0.00796967236631952
"Zm00001eb250950"	2.38236203721518	2.09457216186938	7.37933725685304e-05	0.00804316090021629
"Zm00001eb343120"	2.15805525548883	4.7080297890763	7.56068839792827e-05	0.00820560865614471
"Zm00001eb242480"	-2.39913853713324	1.80432549058419	8.01438213814408e-05	0.00865020397615105
"Zm00001eb389640"	2.1460539749827	4.84350294794667	8.03846329489544e-05	0.00865020397615105
"Zm00001eb066480"	-2.15368361427474	4.43387087990365	8.09317717801087e-05	0.00865594692541171
"Zm00001eb037860"	2.46512031664934	1.59560115845337	8.11196790143325e-05	0.00865594692541171
"Zm00001eb127180"	2.97336459214063	0.456290903335806	8.25598069654898e-05	0.00877275672675974
"Zm00001eb277960"	-2.49683213709912	1.19504562684947	8.34675836380244e-05	0.00878464930521998
"Zm00001eb422590"	7.30563015169164	-1.11320881159207	8.37798836857501e-05	0.00878464930521998
"Zm00001eb184800"	7.30563015169164	-1.11320881159207	8.37798836857501e-05	0.00878464930521998
"Zm00001eb343900"	-2.10996841157672	6.98678227505194	8.4290408732385e-05	0.00878464930521998
"Zm00001eb246190"	-2.27126754515992	2.40717981816807	8.46692349730235e-05	0.00878464930521998
"Zm00001eb044310"	-3.01192765524379	0.0436810345138954	8.47471680492556e-05	0.00878464930521998
"Zm00001eb289000"	-2.12390029947622	5.16690279042184	8.94145330189186e-05	0.00913842611783604
"Zm00001eb016880"	2.3904697964343	1.76711968392735	8.94193690300035e-05	0.00913842611783604
"Zm00001eb348110"	3.22392377117747	-0.0665324320286019	8.94530985737602e-05	0.00913842611783604
"Zm00001eb017400"	-2.2633063828153	2.42836934216922	8.95994685517867e-05	0.00913842611783604
"Zm00001eb141120"	2.09683313833933	7.00300600530043	9.28768068419971e-05	0.00943479754623743
"Zm00001eb149430"	2.23892708356669	2.67245889825446	9.60227118295801e-05	0.00971550912200803
"Zm00001eb041910"	2.59811640354719	0.979657255624607	0.000101602962631203	0.0101988491659368
"Zm00001eb053150"	2.59811640354719	0.979657255624607	0.000101602962631203	0.0101988491659368
"Zm00001eb319460"	2.11655711562195	4.63718127097603	0.00010345597240788	0.0103439680128761
"Zm00001eb023680"	2.26090132180907	2.49376057263633	0.000105049154365781	0.0104620718598956
"Zm00001eb369830"	2.51476490095582	1.10704502174285	0.000108685074287422	0.0107818990101695
"Zm00001eb377390"	-2.6084937232174	0.861705408527909	0.000109683605954366	0.0108312035702601
"Zm00001eb050010"	2.08516586027304	5.6669564945267	0.000110035065409005	0.0108312035702601
"Zm00001eb161720"	-3.40343980450937	-0.161149666506273	0.000110841365294358	0.0108684452239981
"Zm00001eb220760"	-2.40961180928001	1.39140618504836	0.00011217481008298	0.0109473251831311
"Zm00001eb108330"	2.12257847922261	4.04464171390469	0.000112507948999733	0.0109473251831311
"Zm00001eb405150"	-2.23174243460422	2.31784933202857	0.000113302747490975	0.0109709289045879
"Zm00001eb221650"	2.58219835651539	0.966550753289668	0.000113614518109412	0.0109709289045879
"Zm00001eb086850"	-2.89107407916782	0.149180163185745	0.000114313500037302	0.0109966122990429
"Zm00001eb102510"	2.2399362902801	2.38346100697551	0.000115298782449023	0.0110495391663223
"Zm00001eb131090"	2.13682036445179	3.71521787653191	0.000116164447060627	0.0110906477351567
"Zm00001eb267640"	-3.60015323890345	-0.365028891936216	0.00011803663554138	0.0111852925231675
"Zm00001eb087880"	3.37627256601776	-0.304813829573837	0.00011803663554138	0.0111852925231675
"Zm00001eb048860"	-2.27953041053818	1.95710630240954	0.000118546623428503	0.0111918589166924
"Zm00001eb319250"	-3.91855381506632	-0.60211377154083	0.000121882943927511	0.0113150542471584
"Zm00001eb106390"	-7.28188307719633	-1.23694809231005	0.00012207925908495	0.0113150542471584
"Zm00001eb360460"	-7.28188307719633	-1.23694809231005	0.00012207925908495	0.0113150542471584
"Zm00001eb243860"	-7.28188307719633	-1.23694809231005	0.00012207925908495	0.0113150542471584
"Zm00001eb243120"	7.23569671594587	-1.1711226416403	0.00012207925908495	0.0113150542471584
"Zm00001eb163860"	-2.05923766636339	6.49850984668723	0.000122990169457942	0.011358030340196
"Zm00001eb071700"	-2.94340490640993	-0.0131843083852786	0.000125385075579657	0.0114955934275126
"Zm00001eb005570"	-2.94340490640993	-0.0131843083852786	0.000125385075579657	0.0114955934275126
"Zm00001eb318020"	2.0662260506027	5.21441841505981	0.000131208226559065	0.0119862018765971
"Zm00001eb300360"	2.07381715461227	4.7344135044153	0.000133763463730577	0.0121758312720492
"Zm00001eb337600"	-2.04134054087154	7.72216427200997	0.000135111619251857	0.0122546238661434
"Zm00001eb333200"	-2.85944614791003	0.123002158077604	0.000137160619150878	0.0123961960283121
"Zm00001eb415720"	2.26928785049327	1.91442653319154	0.000140331912673844	0.0126378342349821
"Zm00001eb299540"	-2.37586247396313	1.3012767983788	0.000142934302001976	0.0128267121330112
"Zm00001eb159320"	2.05315260197049	4.93520078122813	0.000150093095022995	0.0133505529108318
"Zm00001eb148360"	-3.55591759587854	-0.402382137769306	0.000150348800303115	0.0133505529108318
"Zm00001eb431420"	3.33688836118495	-0.337304576372818	0.000150348800303115	0.0133505529108318
"Zm00001eb144930"	-2.02074294768866	9.6006767613464	0.000153475698581444	0.0135807276695971
"Zm00001eb061730"	-2.03431578448559	5.84955988279607	0.000154061055159034	0.0135851894333987
"Zm00001eb011820"	-2.0761764248371	3.86906955867376	0.000155380649568957	0.0136541417870354
"Zm00001eb326940"	-2.24611496518105	1.80996836564824	0.000156870261464932	0.0137078404301508
"Zm00001eb056340"	2.07566021712372	3.99727298881144	0.000157071253944474	0.0137078404301508
"Zm00001eb422960"	4.35046739519691	-0.80539337039667	0.000158752717603995	0.0137768059363351
"Zm00001eb281850"	2.10527720416702	3.48334909039459	0.000158946453746502	0.0137768059363351
"Zm00001eb225320"	2.14316285144518	2.87966907504816	0.00015957564529909	0.0137806479324749
"Zm00001eb263450"	-3.86630761525861	-0.646116490378121	0.000160272133094773	0.0137806479324749
"Zm00001eb101040"	2.24587082590384	2.06579943583071	0.000161442819828585	0.0137806479324749
"Zm00001eb258220"	2.0448575028062	4.85274502566543	0.000161512055823912	0.0137806479324749
"Zm00001eb233170"	-2.02862324378787	5.82457763067934	0.000161703933055502	0.0137806479324749
"Zm00001eb057120"	2.08225455235762	3.80864285600297	0.000162522365181582	0.0138040735322792
"Zm00001eb096870"	-2.03439820733108	5.30308726656321	0.000163420629207504	0.0138341009978459
"Zm00001eb038200"	2.14859337147717	2.81795825851059	0.000164113423796184	0.0138465930588966
"Zm00001eb428240"	-2.82710927240036	0.096350133748913	0.000164883402131724	0.0138654929819114
"Zm00001eb077080"	2.15170108132592	2.65333159745267	0.000168330859287349	0.0141086815262756
"Zm00001eb165460"	2.02199926188151	5.83416614662706	0.000170117200171615	0.0142115013669682
"Zm00001eb322740"	-2.17318239546784	2.27035165437514	0.000172409005721607	0.0143557347846096
"Zm00001eb029000"	-2.76305879022987	0.223055806383284	0.000174082484250731	0.0144281685765144
"Zm00001eb271530"	2.08374399884505	3.40946763439371	0.000176491143791046	0.0144281685765144
"Zm00001eb164090"	2.28576601043138	1.68179774329986	0.000177096284839149	0.0144281685765144
"Zm00001eb339120"	2.4998619670043	0.899143719511908	0.000178885310563957	0.0144281685765144
"Zm00001eb057010"	-7.19996614521531	-1.30529871243182	0.000179528322183751	0.0144281685765144
"Zm00001eb232800"	-7.19996614521531	-1.30529871243182	0.000179528322183751	0.0144281685765144
"Zm00001eb333480"	-7.19996614521531	-1.30529871243182	0.000179528322183751	0.0144281685765144
"Zm00001eb240050"	-7.19996614521531	-1.30529871243182	0.000179528322183751	0.0144281685765144
"Zm00001eb405980"	-7.19996614521531	-1.30529871243182	0.000179528322183751	0.0144281685765144
"Zm00001eb172080"	7.16219984774444	-1.23151290847971	0.000179528322183751	0.0144281685765144
"Zm00001eb283170"	7.16219984774444	-1.23151290847971	0.000179528322183751	0.0144281685765144
"Zm00001eb042070"	-2.43417569061477	1.14348694505358	0.000185091151275834	0.0147816820056638
"Zm00001eb080680"	-2.36067882241334	1.15527865390186	0.000185091151275834	0.0147816820056638
"Zm00001eb054420"	2.14841666759155	2.54569092336094	0.000188408403352662	0.0149932535490036
"Zm00001eb019300"	2.17487609153137	2.42398725292073	0.000188921134654322	0.0149932535490036
"Zm00001eb414530"	-2.1876018122545	2.22264245338307	0.000189605971511681	0.0150007266433353
"Zm00001eb212890"	2.22676090925119	1.88003551854911	0.000190212294380293	0.0150019609567761
"Zm00001eb027780"	2.63548005602089	0.654277991953344	0.00019449468281052	0.0152922197048172
"Zm00001eb214420"	1.99897598755406	5.78427545581556	0.000199074263676168	0.015603981482469
"Zm00001eb124940"	-1.99017953701674	6.06762443439972	0.000206027374961714	0.0160992960447006
"Zm00001eb295720"	2.92037296182162	0.208446670487325	0.000206923919526531	0.0161197541726864
"Zm00001eb400020"	-2.14298618835157	2.24600775473152	0.000208416086134671	0.016164121115424
"Zm00001eb099980"	1.97763979985623	8.57886261443702	0.000208766409113997	0.016164121115424
"Zm00001eb122380"	2.07238440955197	3.14893202643018	0.000211267008747183	0.0163080150581868
"Zm00001eb159310"	2.14414934248682	2.458168155034	0.000213627379949961	0.0164402452763915
"Zm00001eb227020"	-2.13433907102024	2.37755410631403	0.000215356928349747	0.0165232765932634
"Zm00001eb428800"	-4.48464540789701	-0.938850591117194	0.000219145359825375	0.0167632998738712
"Zm00001eb242760"	2.00122281650674	4.73783404518608	0.000221937315865105	0.0168781423199338
"Zm00001eb279820"	-2.55446164980509	0.604288651105021	0.000222588402754143	0.0168781423199338
"Zm00001eb389930"	1.97388893376527	6.63230721727569	0.000222640481854537	0.0168781423199338
"Zm00001eb231540"	2.08273124170744	3.01289185883026	0.000227022349861641	0.017159105943709
"Zm00001eb361760"	1.98580248135179	4.92972006915431	0.00023984981303946	0.0180748541600894
"Zm00001eb197780"	1.97681624273451	5.18709497419181	0.000244742057258183	0.0183889623849965
"Zm00001eb022810"	-3.46315677815603	-0.480051874832897	0.000246457291653284	0.0184632135068637
"Zm00001eb236640"	-2.65452300447336	0.293327627579469	0.000250649717814929	0.01871856568136
"Zm00001eb313510"	-1.99270738057547	4.1411643472579	0.000251622287311252	0.01871856568136
"Zm00001eb122740"	1.9792274061841	4.97131377695214	0.000252077077611636	0.01871856568136
"Zm00001eb353600"	2.25038648690995	1.59855991256329	0.000253500988289677	0.01876942011255
"Zm00001eb104190"	-2.10620400893304	2.3549612431463	0.000256625514263682	0.0189327725117811
"Zm00001eb025900"	-2.16490721430747	1.86430342645716	0.000257198240532543	0.0189327725117811
"Zm00001eb332050"	-1.94559632304272	8.55303759624728	0.000260047670696966	0.019087198396012
"Zm00001eb147140"	2.12043062461693	2.25466046755075	0.000263112002372273	0.0192564622831304
"Zm00001eb100140"	-2.02088556383758	3.34336330134463	0.000264239640341408	0.0192834192704322
"Zm00001eb271010"	-7.11311643950357	-1.37696635481728	0.000266572357181933	0.0192873834273287
"Zm00001eb005650"	-7.11311643950357	-1.37696635481728	0.000266572357181933	0.0192873834273287
"Zm00001eb372400"	7.08475681093338	-1.29460106726773	0.000266572357181933	0.0192873834273287
"Zm00001eb153570"	-3.24349342201449	-0.295467145305011	0.000268475350323849	0.019369886354615
"Zm00001eb036470"	2.00412266301198	3.70176804646417	0.000269761264462193	0.0193872874482745
"Zm00001eb306010"	1.96108276453845	5.13848347601785	0.000270826809273006	0.0193872874482745
"Zm00001eb300040"	-2.15609046741091	1.89505518973136	0.000271006735081802	0.0193872874482745
"Zm00001eb398970"	1.94831026588858	6.34286455379163	0.000271779905230887	0.0193879844754034
"Zm00001eb027960"	2.2608626279035	1.49100990265516	0.000278230063188744	0.019760541633023
"Zm00001eb207660"	-2.03966884051884	3.0635405159429	0.000278558588148616	0.019760541633023
"Zm00001eb364920"	2.06544508913192	2.63394250428867	0.000279905644224366	0.0198007903641281
"Zm00001eb370540"	-3.75577171280372	-0.738263110036283	0.000280890190500934	0.0198152424387826
"Zm00001eb075400"	2.07324326460055	2.71168840797533	0.000282951814414326	0.0199053858140339
"Zm00001eb016090"	3.00505735716013	0.040224900547403	0.00028975903339321	0.0203279569393756
"Zm00001eb041700"	-2.00466239001914	3.44041282011624	0.000297322012440196	0.0208010739061466
"Zm00001eb366410"	-1.94025346639561	5.61011276217083	0.000299410204133949	0.020889619626884
"Zm00001eb148630"	-4.41789278264518	-0.994398422036773	0.000304436722962586	0.0211821233324872
"Zm00001eb326420"	1.95824429844701	4.43305341179817	0.000313086349075598	0.0217244287462401
"Zm00001eb421690"	1.92784788718208	5.84482612519167	0.000320336141096118	0.0221178110948512
"Zm00001eb123110"	2.22228390705614	1.51917534715776	0.00032049749893311	0.0221178110948512
"Zm00001eb044650"	-2.01908076751994	2.88232894491482	0.00032208872970433	0.0221673858524964
"Zm00001eb214080"	-2.10836361188469	2.15889073722922	0.000325124127258015	0.0223158171239042
"Zm00001eb020100"	2.0053428989251	3.12941955200145	0.000326762777628723	0.0223678369290001
"Zm00001eb061670"	-2.4632474486076	0.640155115558073	0.000330621525810074	0.022571140509335
"Zm00001eb242880"	-2.48304586377987	0.546170962918348	0.000335649792611797	0.0228427033322632
"Zm00001eb231470"	-2.88800078604531	-0.297887567865377	0.00033729775356744	0.0228427033322632
"Zm00001eb046020"	-2.88800078604531	-0.297887567865377	0.00033729775356744	0.0228427033322632
"Zm00001eb350590"	2.72880847350317	0.254449338658424	0.000348689448467067	0.0234889051280361
"Zm00001eb165120"	-2.5957689423873	0.245559241954422	0.000348689448467067	0.0234889051280361
"Zm00001eb079530"	-2.23996682669002	1.19131099476346	0.000354680206196207	0.0238292553348119
"Zm00001eb042020"	-2.24190005051625	1.12773403566532	0.000361867666719206	0.02424799805805
"Zm00001eb218430"	3.53410630054378	-0.67190037728994	0.000374460795555769	0.0250258062208798
"Zm00001eb216020"	1.89287481772126	7.61589893258359	0.000376486892461463	0.025095173545804
"Zm00001eb365680"	-1.9909197180151	2.80664399212345	0.000386532006943736	0.0256630273029566
"Zm00001eb002660"	-2.16925824582695	1.57098931762217	0.000387027069500409	0.0256630273029566
"Zm00001eb216280"	7.00291968989665	-1.36063960104085	0.000399858535772899	0.026307791125618
"Zm00001eb005590"	7.00291968989665	-1.36063960104085	0.000399858535772899	0.026307791125618
"Zm00001eb207260"	7.00291968989665	-1.36063960104085	0.000399858535772899	0.026307791125618
"Zm00001eb417160"	2.12823234339238	1.88865584686069	0.000405689534411208	0.0266224584390363
"Zm00001eb334620"	-3.36401938626287	-0.562037185272336	0.000409801862681976	0.0268230105790502
"Zm00001eb061380"	-1.9981063212156	2.67963176073403	0.000411374823939812	0.0268567481459523
"Zm00001eb029590"	-1.90919105664162	4.5997077112898	0.000414993576061464	0.0270235304042486
"Zm00001eb305640"	-2.15554615224992	1.51219177066208	0.000425542857257553	0.0273998489712767
"Zm00001eb408430"	-4.34790107778602	-1.05211651671623	0.000425708813909741	0.0273998489712767
"Zm00001eb221980"	-4.34790107778602	-1.05211651671623	0.000425708813909741	0.0273998489712767
"Zm00001eb071050"	-1.93348248581011	3.63200827223316	0.000425985522707947	0.0273998489712767
"Zm00001eb074660"	-2.65356786528871	-0.0446623690730806	0.000426167126462997	0.0273998489712767
"Zm00001eb318610"	-2.20794703827742	1.16570903699486	0.000427667417811973	0.0274268730877598
"Zm00001eb281970"	-2.75634511920027	-0.165759705605581	0.000428778244700269	0.0274288471093402
"Zm00001eb418610"	-2.20839285213797	1.10097906688268	0.000439526980605111	0.0280457969835362
"Zm00001eb277660"	-2.06007938250361	1.96051910840799	0.000456062971938874	0.0290280081086708
"Zm00001eb426750"	2.54693373162046	0.440868172650851	0.000457644895461321	0.0290558744128393
"Zm00001eb294020"	-1.93547443737205	3.38562446520585	0.000465773756970645	0.0294982302544301
"Zm00001eb228450"	2.59145673877568	0.319927784767261	0.000472500731967175	0.029849822360792
"Zm00001eb079730"	-1.86245784484922	6.35512260574989	0.000474899548408493	0.0299269204252657
"Zm00001eb197810"	1.90991378606018	3.94895610386827	0.000477351394327426	0.030006970322622
"Zm00001eb412960"	1.91954297446303	3.61218008173355	0.000479170117890023	0.0300469242319383
"Zm00001eb392530"	-1.87105670677866	5.10961772750326	0.000494389985182501	0.0308776739590337
"Zm00001eb019830"	-1.86471934929232	5.58550539901439	0.000494850106368197	0.0308776739590337
"Zm00001eb004650"	1.95834314939113	2.83617960090637	0.000498066284807255	0.0309197834137751
"Zm00001eb182080"	-3.69715661709644	-0.786585937820566	0.000501612488835854	0.0309197834137751
"Zm00001eb136910"	-3.69715661709644	-0.786585937820566	0.000501612488835854	0.0309197834137751
"Zm00001eb138820"	-3.69715661709644	-0.786585937820566	0.000501612488835854	0.0309197834137751
"Zm00001eb373660"	3.48189257271117	-0.714137879369781	0.000501612488835854	0.0309197834137751
"Zm00001eb125780"	2.77779278600516	0.0917953765062138	0.000503584566231777	0.0309661831574388
"Zm00001eb212500"	1.85830422125586	5.96270113626118	0.000507290940315794	0.0311187457011109
"Zm00001eb228100"	-1.92263301257762	3.39885067276871	0.000509995382404809	0.0312092595941025
"Zm00001eb105580"	-1.88160451130676	4.31564200710019	0.000514820137424421	0.0314287793510351
"Zm00001eb145800"	-2.0029580257719	2.16323055388667	0.000516604388645476	0.0314555361657199
"Zm00001eb141540"	2.91017888386138	-0.0374844844708367	0.000518414979375681	0.0314555361657199
"Zm00001eb382400"	2.25266805615784	0.983745786760366	0.000518974234266681	0.0314555361657199
"Zm00001eb009380"	2.03099982066404	2.08172811668455	0.000521893250548841	0.0315571452165199
"Zm00001eb032470"	-2.71583599306253	-0.1982647181679	0.000530697086883243	0.0320132618016314
"Zm00001eb258780"	2.8948976277626	-0.334909750042283	0.000537105629543068	0.032323067696388
"Zm00001eb381590"	1.89553575233534	3.71397676287705	0.000544098436654764	0.0326664867548094
"Zm00001eb196960"	1.84241917403632	6.0283758605875	0.000555864065863891	0.0332941599449985
"Zm00001eb213550"	-2.29745430836366	0.793534014842518	0.000560882105220606	0.0334250783936086
"Zm00001eb187390"	1.89573407956394	3.67142422782982	0.000561083194863827	0.0334250783936086
"Zm00001eb059800"	1.8682160006918	4.38188058333119	0.000561998286110839	0.0334250783936086
"Zm00001eb330540"	-1.84955558813291	5.01147301921482	0.00056841814018738	0.0337279137574736
"Zm00001eb254900"	1.86297519019629	4.23384584188988	0.000584592040242498	0.0346067586340291
"Zm00001eb161780"	1.8360381021321	5.86043514860505	0.00058834875311891	0.0346918849832727
"Zm00001eb266130"	2.44321660667439	0.498572671312224	0.000588762105362677	0.0346918849832727
"Zm00001eb323710"	-1.83747533643972	5.5368481758609	0.000596076298954212	0.0350415594635212
"Zm00001eb216880"	1.83481536139486	5.47117435685849	0.000606152005662129	0.0353119226547026
"Zm00001eb151750"	-1.84036879238748	5.08905233114652	0.000606209128148728	0.0353119226547026
"Zm00001eb242990"	6.91615969416369	-1.42991809116129	0.00060623713488149	0.0353119226547026
"Zm00001eb180690"	6.91615969416369	-1.42991809116129	0.00060623713488149	0.0353119226547026
"Zm00001eb034610"	-2.17286595444038	1.00466020224896	0.00061535684586166	0.0357611040217453
"Zm00001eb247830"	2.49894630360974	0.402273796652361	0.000617931917707811	0.0358287647993323
"Zm00001eb342280"	1.91191065554352	3.13720814773584	0.000620511493105555	0.035896377856284
"Zm00001eb245630"	2.87711357016735	-0.0643658826824559	0.000631937318123471	0.0362934763373141
"Zm00001eb051000"	-2.6162061451625	-0.0745590524966834	0.000631937318123471	0.0362934763373141
"Zm00001eb402580"	-2.6162061451625	-0.0745590524966834	0.000631937318123471	0.0362934763373141
"Zm00001eb105970"	1.92418674849072	2.88727490145417	0.000633092219933459	0.0362934763373141
"Zm00001eb088290"	-2.02356188597901	1.78970585016304	0.000635742205222623	0.0363633086572832
"Zm00001eb407250"	-2.10708246686605	1.31997986085899	0.00063891734199478	0.0364627973422459
"Zm00001eb403180"	1.87366504397789	3.57624413438601	0.000646846771675352	0.0368325574292988
"Zm00001eb281820"	-2.67415647759071	-0.231501763663741	0.000658468968704206	0.0374104651660224
"Zm00001eb078740"	-1.95665829536194	2.2364088300623	0.000661987404831475	0.0374496351257423
"Zm00001eb350630"	-1.90738107988515	2.89530235411074	0.000662295226050375	0.0374496351257423
"Zm00001eb220940"	-1.81972844268728	5.45095567360731	0.000663582288808633	0.0374496351257423
"Zm00001eb157060"	1.86109070956312	3.90168922812982	0.000667488953444287	0.0375260073870689
"Zm00001eb324220"	1.8555155273677	3.86988765738105	0.000667890822923104	0.0375260073870689
"Zm00001eb152760"	-2.09032342919679	1.46040544920611	0.000670933605218047	0.037607729900791
"Zm00001eb359870"	2.22569023583792	0.874136955713461	0.000674117428165536	0.037607729900791
"Zm00001eb031100"	-3.63605883028078	-0.836542763098882	0.000675268736602642	0.037607729900791
"Zm00001eb068310"	-3.63605883028078	-0.836542763098882	0.000675268736602642	0.037607729900791
"Zm00001eb047120"	2.42018222860834	0.480167999189235	0.00067933718735762	0.0376697833125979
"Zm00001eb053550"	-2.75100432529789	-0.407411359875031	0.000680832829598457	0.0376697833125979
"Zm00001eb364140"	-2.75100432529789	-0.407411359875031	0.000680832829598457	0.0376697833125979
"Zm00001eb340500"	-2.47055534407312	0.145104589040352	0.000687045703666729	0.0378967764479521
"Zm00001eb115060"	1.89909990938975	3.09516316405406	0.000687919906383129	0.0378967764479521
"Zm00001eb128080"	-3.25756360151921	-0.648842844102677	0.000691613410432557	0.0379488897483401
"Zm00001eb194350"	-1.95083149777802	2.2836541894636	0.000692577181846285	0.0379488897483401
"Zm00001eb008030"	-1.94875813671491	2.23021973732023	0.000693348749536533	0.0379488897483401
"Zm00001eb186340"	1.99669678304118	2.0191249878641	0.000696290256205536	0.0379644891775846
"Zm00001eb050020"	2.10599982398689	1.42669366605794	0.00069662356106294	0.0379644891775846
"Zm00001eb014210"	1.87205258893169	3.2274814188491	0.000718323478109238	0.0390632613491696
"Zm00001eb017640"	-1.8786403994901	3.1394362597022	0.000722100550909381	0.0391847555360997
"Zm00001eb155340"	1.83950972323508	3.86663647847285	0.000726798633312646	0.03935560360684
"Zm00001eb381280"	-1.90985164837882	2.52857365280965	0.000728721363807409	0.0393757611813893
"Zm00001eb012040"	1.80722012083572	5.26357992260633	0.000737917436997441	0.0397880068577219
"Zm00001eb297830"	-2.07737078445267	1.29656933547862	0.000756073471556398	0.040680597211115
"Zm00001eb053920"	-2.57785108037533	-0.105074207917193	0.000771933245749202	0.041358685040183
"Zm00001eb343180"	-2.57785108037533	-0.105074207917193	0.000771933245749202	0.041358685040183
"Zm00001eb307340"	-1.79194554269427	5.82403843605796	0.000778527678420425	0.0416241872024529
"Zm00001eb152780"	-1.86392644822787	3.00083435099185	0.000780558898518799	0.0416451129974442
"Zm00001eb195930"	2.09254470326693	1.35706635323469	0.000786779224371301	0.0418889836103429
"Zm00001eb416830"	-1.92683834264654	2.1035576855883	0.00080723079984601	0.0428879359683876
"Zm00001eb006210"	1.78246835212928	6.11511550955947	0.000819035593218712	0.0432447193742592
"Zm00001eb010210"	-2.63123692579909	-0.265504313016158	0.00081905457627259	0.0432447193742592
"Zm00001eb337950"	-2.63123692579909	-0.265504313016158	0.00081905457627259	0.0432447193742592
"Zm00001eb313470"	-1.95722593387802	2.00874398308801	0.0008376597823698	0.0438564463795879
"Zm00001eb022710"	-1.76844027404608	9.47156936253768	0.00083820285000852	0.0438564463795879
"Zm00001eb359070"	2.44930761879659	0.362598843893668	0.000838318893601197	0.0438564463795879
"Zm00001eb349990"	2.42383276119346	0.342336751920544	0.000838318893601197	0.0438564463795879
"Zm00001eb401510"	-1.8898820330051	2.69060064759044	0.000839275198475339	0.0438564463795879
"Zm00001eb076200"	-2.0497258275505	1.42842885010048	0.000845820469549205	0.0440422299568265
"Zm00001eb248270"	-2.29365502950942	0.504364117184546	0.000846682064906451	0.0440422299568265
"Zm00001eb045990"	-4.19682534545695	-1.17478992671587	0.000849767391669751	0.0440422299568265
"Zm00001eb034570"	3.97416643923906	-1.11016880671797	0.000849767391669751	0.0440422299568265
"Zm00001eb222730"	1.78161970239238	5.49174257194901	0.000859153299361921	0.044437998351518
"Zm00001eb086070"	-2.46430378480405	-0.0175357187887901	0.000876863779264963	0.0452618547524655
"Zm00001eb138250"	1.89374225326781	2.61591560663055	0.000880906790638241	0.045378314107604
"Zm00001eb058940"	-1.81451480994031	3.71589407579789	0.000883311039590367	0.0453893062990266
"Zm00001eb430920"	-2.04414490569955	1.37465874073206	0.000884694700662237	0.0453893062990266
"Zm00001eb417750"	-2.38462865130191	0.219105030543458	0.000900593978717302	0.0461118642812593
"Zm00001eb093560"	1.78779764845044	4.6292517877599	0.000908557271228568	0.0464259969016513
"Zm00001eb100250"	-1.84090280750017	2.96811473406508	0.000912176837460111	0.0465173553496726
"Zm00001eb200790"	6.82384643431021	-1.50277084741535	0.000929563606818287	0.0470262895592773
"Zm00001eb300620"	6.82384643431021	-1.50277084741535	0.000929563606818287	0.0470262895592773
"Zm00001eb017940"	6.82384643431021	-1.50277084741535	0.000929563606818287	0.0470262895592773
"Zm00001eb253170"	6.82384643431021	-1.50277084741535	0.000929563606818287	0.0470262895592773
"Zm00001eb280930"	-1.84904056141547	2.89783831264904	0.000952825193552382	0.0481072537086606
"Zm00001eb119200"	1.99447692423382	1.60249937171733	0.000954816029542157	0.0481121188219298
"Zm00001eb338370"	-1.75558767654783	6.08263690421621	0.000974444365109697	0.0490039388046057
"Zm00001eb397980"	-1.78283982395706	4.12666175279424	0.000989042100245191	0.0496397493632942
