"logFC"	"logCPM"	"PValue"	"FDR"
"Zm00001eb356910"	5.91235647015458	7.71622020311001	2.22984037432241e-20	5.67182197612649e-16
"Zm00001eb006310"	5.6683183039513	4.6878356011551	5.13371650881946e-18	6.52906065591659e-14
"Zm00001eb187130"	10.8399814348187	2.0165415451074	5.2457235190258e-17	4.44767411433134e-13
"Zm00001eb221790"	6.9358486557915	2.07606643592564	4.78364507867192e-16	3.04191990552747e-12
"Zm00001eb069320"	-4.95581920188981	4.86980264542648	3.35816946731716e-15	1.70836797141359e-11
"Zm00001eb027960"	5.29863220129792	2.96751851262968	1.10893382216432e-14	4.70114011676196e-11
"Zm00001eb141540"	-5.24768525326551	2.98163589462504	5.95426845074282e-14	2.14235916624513e-10
"Zm00001eb031210"	4.52503945199514	5.30579689131839	8.06839901941263e-14	2.14235916624513e-10
"Zm00001eb201580"	5.31672012911275	2.57603931018371	8.92280708403305e-14	2.14235916624513e-10
"Zm00001eb069310"	-4.63896353309416	4.5339822390824	9.10850419734474e-14	2.14235916624513e-10
"Zm00001eb414390"	-4.68907424006798	4.13860951747109	9.26480218143437e-14	2.14235916624513e-10
"Zm00001eb113780"	5.19113738905055	2.60351219147347	1.83405508850257e-13	3.88316393436158e-10
"Zm00001eb032280"	-4.70500009189776	3.70010435771504	1.98463324212536e-13	3.88316393436158e-10
"Zm00001eb122110"	4.42191880005491	4.94728873805815	2.95373021691377e-13	5.36650584267277e-10
"Zm00001eb011820"	4.37534813575621	5.19039016977478	3.69774986491357e-13	6.27039770426277e-10
"Zm00001eb056970"	-9.83507831890651	1.0941669023976	7.77352464201703e-13	1.23579607996466e-09
"Zm00001eb382310"	-6.80216598029125	1.37168136975121	8.26775094743314e-13	1.23705007705241e-09
"Zm00001eb027780"	-5.31498137916579	2.08244567973578	1.87904700675696e-12	2.65530220354834e-09
"Zm00001eb384740"	-4.17529812473888	5.61503977397983	2.08126231482018e-12	2.78626253893506e-09
"Zm00001eb340550"	-4.53178046446242	3.27669612856831	2.51108060069704e-12	3.19359230796649e-09
"Zm00001eb381280"	-5.01163096024665	2.25882523857732	2.95007295037179e-12	3.57324074122176e-09
"Zm00001eb100220"	-4.87681391314054	2.31653232693041	4.33095968944007e-12	5.00737684820898e-09
"Zm00001eb433640"	4.20292019150472	3.98673957646387	5.08990053009779e-12	5.62898738624206e-09
"Zm00001eb287790"	-4.23214663785512	3.94322756043372	6.45521469626575e-12	6.84145170892565e-09
"Zm00001eb009940"	-6.01146510414204	1.50969751881425	8.87986392004121e-12	9.03472874680673e-09
"Zm00001eb139830"	4.50595980139111	2.61267784237426	9.74542657294745e-12	9.53402578113428e-09
"Zm00001eb164960"	-4.19477722066403	3.33109813457245	2.10026993567349e-11	1.97860985495522e-08
"Zm00001eb320970"	4.18163903737287	2.62336334911593	1.10345747390752e-10	1.00241229665399e-07
"Zm00001eb068470"	4.16201769899671	2.60483336210715	1.30219297385042e-10	1.14215794768481e-07
"Zm00001eb332100"	-4.41455298469345	2.19265689075125	1.79137740598833e-10	1.5188491899573e-07
"Zm00001eb000380"	-3.651114328695	5.76568628160837	2.54678319597156e-10	2.08967668944298e-07
"Zm00001eb313920"	-4.75320671091321	1.55416094712909	3.42181306518661e-10	2.7199136601902e-07
"Zm00001eb253580"	-3.61970363849566	4.90752897236665	4.83549273678873e-10	3.72713918948358e-07
"Zm00001eb161610"	4.35505871565513	1.800791352127	5.04947935686553e-10	3.77760461533034e-07
"Zm00001eb225440"	-3.69710546324639	3.85500694548872	5.64750922715891e-10	4.10428699148612e-07
"Zm00001eb135130"	3.67566885820215	3.81905044598673	5.9139274961272e-10	4.17851832754143e-07
"Zm00001eb293270"	-5.98870827671187	0.60872649360446	1.06657165958357e-09	7.33224776572103e-07
"Zm00001eb161390"	-5.01451028912867	1.11053626357842	1.88456226165032e-09	1.26146646545625e-06
"Zm00001eb277660"	-4.08751130161026	2.02215141810897	2.04114565955249e-09	1.33124566657377e-06
"Zm00001eb402150"	-3.75776970547513	2.68972732637492	2.38608326961606e-09	1.51731035114885e-06
"Zm00001eb425130"	3.45993179642885	4.02875411501053	3.12552692052337e-09	1.8982045808118e-06
"Zm00001eb109440"	3.40727886566545	4.73988216610551	3.13432113516651e-09	1.8982045808118e-06
"Zm00001eb170080"	-3.76622070552118	2.4152371256318	3.29751202704689e-09	1.95059339348755e-06
"Zm00001eb291720"	-8.85932772982509	0.180969702230834	3.40547435118236e-09	1.96867376356079e-06
"Zm00001eb068480"	4.24587928038453	1.38323896141236	3.80345343218834e-09	2.14988092224761e-06
"Zm00001eb180830"	-3.72776426254719	2.3801599662517	4.60165641173747e-09	2.54451592367292e-06
"Zm00001eb004670"	-8.7664254009359	0.0957448970930693	6.21807333619003e-09	3.36516836977297e-06
"Zm00001eb410710"	-3.53110657477901	3.01251954940735	6.67779708206333e-09	3.53867597040339e-06
"Zm00001eb365220"	-4.26616544105469	1.35270566028427	7.26543082756737e-09	3.77149997000007e-06
"Zm00001eb412390"	4.59636931091692	0.750615156723719	8.01866418449933e-09	4.02182774683734e-06
"Zm00001eb370870"	3.49667168393088	2.97867744671201	8.06389428717977e-09	4.02182774683734e-06
"Zm00001eb164390"	-3.43980238494525	3.41378367865379	8.91761056207076e-09	4.28326742256707e-06
"Zm00001eb200910"	-5.73602776779979	0.376572315559356	8.92487707957442e-09	4.28326742256707e-06
"Zm00001eb268600"	-3.51844100864613	2.6521076022213	1.26239349607838e-08	5.93944342306419e-06
"Zm00001eb255510"	-3.59177455744066	2.47303102340896	1.28427971484719e-08	5.93944342306419e-06
"Zm00001eb319590"	3.20901603812133	5.46596510997953	1.43117369085207e-08	6.50059535723452e-06
"Zm00001eb275400"	3.30082657394174	3.54143007705165	1.7841768584693e-08	7.96181097754827e-06
"Zm00001eb188120"	-4.46583140618484	0.98896722441261	2.20046600913998e-08	9.65018162215251e-06
"Zm00001eb100020"	3.1032226670849	5.62034391709828	3.33515800618741e-08	1.43784879737937e-05
"Zm00001eb032560"	-4.40002649149349	0.929124035813182	3.55361330529603e-08	1.50649513389183e-05
"Zm00001eb325410"	-3.12695104392006	4.7752526476941	3.67711974210532e-08	1.53329865180641e-05
"Zm00001eb008070"	-3.50111563243485	2.01059888610609	5.40404031991919e-08	2.21705112221717e-05
"Zm00001eb106380"	-4.12581408710941	0.979173657168709	7.09152551261905e-08	2.81843817092153e-05
"Zm00001eb238270"	-4.12581408710941	0.979173657168709	7.09152551261905e-08	2.81843817092153e-05
"Zm00001eb149460"	-2.98050168960751	6.7203124187927	8.52528121087208e-08	3.3329728544536e-05
"Zm00001eb071250"	-3.20966386937213	2.96683206541553	8.64822332103859e-08	3.3329728544536e-05
"Zm00001eb103490"	3.01110538575385	4.23549726749323	1.21130129870471e-07	4.56495865026857e-05
"Zm00001eb325680"	-3.60736714908857	1.58623938709649	1.22038523438537e-07	4.56495865026857e-05
"Zm00001eb256520"	3.26863015819743	2.15471007736986	1.38113140809457e-07	5.09137079656428e-05
"Zm00001eb391230"	-3.3486951298371	1.95911067205978	1.51583899826134e-07	5.50812582282507e-05
"Zm00001eb220710"	3.69122332361057	1.1829070431275	1.56750250027627e-07	5.61563290098974e-05
"Zm00001eb158260"	-4.03107783475641	0.894031774794123	1.64171455127073e-07	5.79981268418367e-05
"Zm00001eb304180"	3.46054031685975	1.44757602232226	1.73154515185826e-07	6.033367463379e-05
"Zm00001eb214550"	3.24498559517685	2.07747802100045	1.76299732477966e-07	6.04446093923095e-05
"Zm00001eb314330"	-4.84943496577786	0.432184934516961	1.78225574163517e-07	6.04446093923095e-05
"Zm00001eb186620"	-8.32017063770935	-0.308421003212443	1.87745475644861e-07	6.20194015389958e-05
"Zm00001eb238440"	-8.32017063770935	-0.308421003212443	1.87745475644861e-07	6.20194015389958e-05
"Zm00001eb377410"	-3.02326981586242	3.45069778288278	1.93586062546692e-07	6.25979865538004e-05
"Zm00001eb011940"	-3.31476984734046	1.92902292026332	1.9441897066167e-07	6.25979865538004e-05
"Zm00001eb344420"	3.39030720230743	1.57323322651711	2.0495113909039e-07	6.51642146737895e-05
"Zm00001eb396520"	2.91907769179388	4.56567131367782	2.11964446541533e-07	6.65620699040793e-05
"Zm00001eb101660"	-3.01576515068638	3.26748725763095	2.27627449763327e-07	7.06089245387802e-05
"Zm00001eb366200"	-3.06341009748784	2.94492343175825	2.41838567074018e-07	7.26893758762469e-05
"Zm00001eb169020"	-3.22488740816144	2.20974382284318	2.44596105878244e-07	7.26893758762469e-05
"Zm00001eb352370"	3.2425684327499	1.82680234246417	2.45590162543964e-07	7.26893758762469e-05
"Zm00001eb357070"	-2.93641944357097	4.14603535578232	2.45765306076318e-07	7.26893758762469e-05
"Zm00001eb068650"	-3.03843504144895	2.99045286156801	2.60387709825986e-07	7.61289860590089e-05
"Zm00001eb240340"	-3.50914912731477	1.49865825481869	2.73510220358227e-07	7.9056885966271e-05
"Zm00001eb248930"	-2.89979032201966	4.37963316064585	2.83091575455488e-07	8.09069361043349e-05
"Zm00001eb283480"	3.16037372359207	2.00181548030222	3.5019344232907e-07	9.89724488786914e-05
"Zm00001eb170590"	-2.94088613975655	3.40179977101487	3.67784143020688e-07	0.000102801730350266
"Zm00001eb042070"	-3.36859591975868	1.60443972951684	3.8811656577138e-07	0.000106418729903646
"Zm00001eb428800"	-2.98206408483314	2.97353944764811	3.89091912291204e-07	0.000106418729903646
"Zm00001eb092230"	2.84853341153449	4.41784701100808	3.96756353083888e-07	0.000107360580819593
"Zm00001eb323370"	-8.21862127252769	-0.399060691768982	4.09018206993786e-07	0.000109513548558884
"Zm00001eb118450"	-3.35993823959325	1.59679150498463	4.1923129077841e-07	0.00011107882408583
"Zm00001eb156820"	-3.02273571367282	2.64426479395789	4.48304578274069e-07	0.000117557476834837
"Zm00001eb374990"	-3.01851527452962	2.59841755217394	4.87775135465847e-07	0.000126602534139891
"Zm00001eb313700"	-2.81114243343944	4.711788827528	5.29451680095451e-07	0.000134918507997651
"Zm00001eb037600"	-3.07390161410096	2.41541016092846	5.30423447073639e-07	0.000134918507997651
"Zm00001eb175950"	-3.27972147276543	1.62854146386811	5.66207012210585e-07	0.000142594470916717
"Zm00001eb011990"	8.16475018558355	-0.584494156883237	7.02672304322655e-07	0.000175227183654422
"Zm00001eb034240"	-5.13258381622891	-0.165952256318878	7.21514458925841e-07	0.000178179046380948
"Zm00001eb185110"	-4.27085136428206	0.434746577032163	7.40245492304046e-07	0.000181046964829286
"Zm00001eb295010"	2.73421378454597	5.87782641687995	7.47363265320256e-07	0.000181046971587486
"Zm00001eb309340"	-3.82061457536524	0.706701496286739	7.71123478769724e-07	0.000185040535905535
"Zm00001eb069040"	-2.79761950454865	3.9090501079267	8.22507369906947e-07	0.00019288383063549
"Zm00001eb377390"	-4.64339196818952	0.247239119136925	8.26558324393316e-07	0.00019288383063549
"Zm00001eb344810"	4.01240162334729	0.212137418794858	8.26558324393316e-07	0.00019288383063549
"Zm00001eb106430"	-2.70115804546788	6.85661359194825	8.88837090416323e-07	0.000205531456652996
"Zm00001eb166200"	-8.07104611642182	-0.529798559094716	9.27527441705907e-07	0.000211518862616523
"Zm00001eb260830"	-2.83664920401311	3.26340292229695	9.31361558934209e-07	0.000211518862616523
"Zm00001eb338750"	-3.17239365560995	1.62994065124214	1.00780119982689e-06	0.000226853374502627
"Zm00001eb316870"	-2.69707989292886	5.84556172261957	1.03340034882346e-06	0.0002305751866024
"Zm00001eb342740"	2.77682622492129	3.51606894711571	1.04599493468838e-06	0.000231355888336815
"Zm00001eb167980"	-5.07136320976716	-0.219914644779931	1.14943419736714e-06	0.000252043174519228
"Zm00001eb254440"	-2.87094172410207	2.74163484319045	1.26459868429636e-06	0.000274925915673182
"Zm00001eb016090"	3.16284109293207	1.37000749108073	1.34993608084435e-06	0.000289203472918017
"Zm00001eb170830"	-2.75363591567086	3.589311332591	1.35987036451128e-06	0.000289203472918017
"Zm00001eb155120"	-2.81047508981466	3.14087004956119	1.36438185053318e-06	0.000289203472918017
"Zm00001eb202270"	-5.03975030790538	-0.247693127483777	1.4582422560361e-06	0.000303533358173812
"Zm00001eb158480"	-5.03975030790538	-0.247693127483777	1.4582422560361e-06	0.000303533358173812
"Zm00001eb260800"	-3.40626286850045	0.973272672098904	1.46778593550003e-06	0.000303533358173812
"Zm00001eb360750"	2.64899902714502	5.68215358837599	1.49340026599976e-06	0.000306339751338467
"Zm00001eb251520"	-2.73012528037427	3.7083988797482	1.54842542973614e-06	0.000314992066370393
"Zm00001eb371530"	-2.71448119043208	3.938769614245	1.57068620887798e-06	0.000314992066370393
"Zm00001eb376890"	2.70065277684366	3.85999719975555	1.57273126391885e-06	0.000314992066370393
"Zm00001eb187190"	-7.9911822909554	-0.600038017004194	1.64052472682679e-06	0.000324494009212517
"Zm00001eb220760"	-3.39260580898625	0.961353739166003	1.64568828386597e-06	0.000324494009212517
"Zm00001eb023420"	-2.64272297352584	5.54885017846827	1.6751129362891e-06	0.00032775517421115
"Zm00001eb197310"	-3.10206357414924	1.5686784441979	1.715820525002e-06	0.000333157334915655
"Zm00001eb295650"	2.6713639647094	4.20971377832698	1.81330378506305e-06	0.000349418144521696
"Zm00001eb103680"	-3.70262394065567	0.602849453077562	2.0423723413484e-06	0.000390599871237127
"Zm00001eb035600"	-4.52816961714746	0.144810990941016	2.07147608623902e-06	0.000393209445743102
"Zm00001eb154070"	2.76217009532863	2.67159446078979	2.09834982316514e-06	0.000394006796824321
"Zm00001eb216880"	2.59131577129319	6.85541241970702	2.11039676223441e-06	0.000394006796824321
"Zm00001eb107100"	-3.15500701185897	1.41723141444877	2.12315927789668e-06	0.000394006796824321
"Zm00001eb023220"	-3.27876303302819	1.02190773368074	2.13763712697579e-06	0.000394006796824321
"Zm00001eb146840"	2.79439053324601	2.48793851615244	2.17129063278595e-06	0.000394731583639986
"Zm00001eb383680"	-2.80814219546174	2.53848304756805	2.17260660912085e-06	0.000394731583639986
"Zm00001eb258840"	-3.3508413672399	0.924984032556714	2.33061475183038e-06	0.000420436289557146
"Zm00001eb262550"	-4.97436725004516	-0.304954170844818	2.3724201013305e-06	0.00042496392744678
"Zm00001eb248470"	-4.47937425249778	0.101661687674863	2.50508182388949e-06	0.000445589239667504
"Zm00001eb112690"	-2.66350958655342	3.6676231897371	2.55966345665142e-06	0.000450266620675917
"Zm00001eb050970"	-2.64165470125303	4.02269034839288	2.56678172660827e-06	0.000450266620675917
"Zm00001eb342280"	-2.69430411458663	3.21113444782974	2.66709182838666e-06	0.000464658546211254
"Zm00001eb221090"	2.8105320262043	2.25394402989742	2.74237373154619e-06	0.000474523933575571
"Zm00001eb263140"	-3.5134625566027	0.680088024568586	2.83168004296955e-06	0.000486666307925496
"Zm00001eb397970"	-2.74360678232051	2.82962244517852	2.92687101066643e-06	0.000499650275351082
"Zm00001eb318570"	2.56218123235504	5.05377530032163	3.28289432154866e-06	0.000554198013773127
"Zm00001eb025790"	-3.14405333864981	1.29772901069664	3.28997877338191e-06	0.000554198013773127
"Zm00001eb284350"	2.59101402557534	4.2209465343691	3.33658263391324e-06	0.000558350762343535
"Zm00001eb391360"	-2.92820039546989	1.67104121221369	3.37829110846868e-06	0.000561635376699408
"Zm00001eb250050"	-2.61815564082451	3.84200340720763	3.46776980796709e-06	0.000572767485944487
"Zm00001eb378280"	-2.52371277296863	6.76726257814465	3.68422204579507e-06	0.000604592722302216
"Zm00001eb160410"	-3.36033400597953	0.753402878799175	3.74756139054961e-06	0.000611044689295
"Zm00001eb200120"	-4.90587977779433	-0.364649780224164	3.91827586699843e-06	0.000632637495205046
"Zm00001eb306010"	2.51993184844499	6.37764956875371	3.92973440172972e-06	0.000632637495205046
"Zm00001eb199340"	-4.03914706738796	0.230143383051658	3.99484008133903e-06	0.000638712601847682
"Zm00001eb214680"	-7.86243074583772	-0.712470187076189	4.01769210157372e-06	0.000638712601847682
"Zm00001eb431200"	-2.54082909100064	5.04069889580761	4.15132109635849e-06	0.000655857164018475
"Zm00001eb279680"	-3.02881311446342	1.41008582168459	4.17716056993491e-06	0.00065586577936336
"Zm00001eb150670"	3.30363618651247	0.687846540743263	4.26387034922031e-06	0.000665373044188759
"Zm00001eb019930"	-2.68106196003613	2.71314805390147	4.38054027268248e-06	0.000679411112048485
"Zm00001eb214420"	2.50895638148179	5.82407390996059	4.56860462261429e-06	0.000704285013217073
"Zm00001eb423940"	3.61784846655927	0.160186826734445	4.77497623240302e-06	0.000731664430406043
"Zm00001eb268690"	-3.74708849683788	0.348066070688977	4.90359180824805e-06	0.000746872821764056
"Zm00001eb145580"	2.48538555320574	6.81317448568366	4.94115614911773e-06	0.000748114570291421
"Zm00001eb237550"	-4.83397833452307	-0.426997847896625	5.06553317892307e-06	0.000762407703781582
"Zm00001eb242480"	2.97916425644985	1.20883203967125	5.23062904352215e-06	0.000782625178535468
"Zm00001eb241920"	-2.50777098093217	4.92146667647917	5.44485163077936e-06	0.000809913719769028
"Zm00001eb100930"	-3.31150062206356	0.711216104881966	5.536256299945e-06	0.000818722181659308
"Zm00001eb344260"	-2.50091101117555	5.07016621629798	5.5713274745041e-06	0.000819146159777378
"Zm00001eb348940"	-3.9927079385559	0.18953166864706	5.71846483575554e-06	0.000835947537714242
"Zm00001eb131350"	-4.79663758558991	-0.459242866767195	6.57575425090008e-06	0.000955776486433683
"Zm00001eb418610"	-2.62371333430874	2.69615861721177	6.62213166254255e-06	0.000957048528229729
"Zm00001eb032580"	-2.86765559939886	1.539975251585	6.75966497797003e-06	0.000971405866551671
"Zm00001eb165120"	-3.96891550861186	0.168778387842959	6.86184509236075e-06	0.000975072021057475
"Zm00001eb386040"	-3.96891550861186	0.168778387842959	6.86184509236075e-06	0.000975072021057475
"Zm00001eb426520"	-2.70944646915184	2.24338447643365	6.99277478066062e-06	0.000988156774004909
"Zm00001eb085150"	-2.68140931553635	2.30746082369496	7.28487820067783e-06	0.00102374675089747
"Zm00001eb039280"	-7.76973457310592	-0.792771484948171	7.51724632112636e-06	0.00103940975943127
"Zm00001eb027390"	-7.76973457310592	-0.792771484948171	7.51724632112636e-06	0.00103940975943127
"Zm00001eb347840"	-3.37283723001973	0.558321904341379	7.51892576408846e-06	0.00103940975943127
"Zm00001eb310220"	-2.60260649224003	2.79884203871775	7.62470489125527e-06	0.00104152284398801
"Zm00001eb408350"	-2.72975093567267	2.11777997491971	7.62967984556713e-06	0.00104152284398801
"Zm00001eb157820"	-2.43839119140491	6.28873048494619	7.65705188810183e-06	0.00104152284398801
"Zm00001eb031880"	-2.71645388845898	2.15568921758634	7.78970960157499e-06	0.00105275248473318
"Zm00001eb379570"	-2.49110714408573	4.02758706164328	7.82430865248072e-06	0.00105275248473318
"Zm00001eb215860"	2.5085439627489	3.6471140556814	7.86377465400628e-06	0.00105275248473318
"Zm00001eb152300"	-2.4938036728878	3.93442718846736	7.92208742650828e-06	0.00105500636534379
"Zm00001eb382790"	-4.75830462168846	-0.492246901277831	8.57260211273641e-06	0.00113569118406023
"Zm00001eb036470"	2.61572878878506	2.42866608819221	8.64872792064631e-06	0.00113983960305471
"Zm00001eb346800"	-2.53831451022741	3.18871521189639	8.77574293551464e-06	0.00115061751189562
"Zm00001eb058930"	2.67187334225595	1.97109796719528	8.93517813210546e-06	0.0011655137998371
"Zm00001eb162710"	-3.49519480673447	0.422483557214392	9.13432799177562e-06	0.00118541207550411
"Zm00001eb298120"	3.20143681967641	0.598229265156984	9.44975267760633e-06	0.0012183709714923
"Zm00001eb212520"	-2.4996724947162	3.42639656233734	9.48409546923554e-06	0.0012183709714923
"Zm00001eb151760"	-2.91260669214538	1.31049052599787	9.97491948491823e-06	0.00127498518602201
"Zm00001eb317110"	-2.61495096452172	2.44986764807524	1.03591733475449e-05	0.00128804916267152
"Zm00001eb338620"	-7.72105291185005	-0.834717347602232	1.03809592053649e-05	0.00128804916267152
"Zm00001eb366490"	-7.72105291185005	-0.834717347602232	1.03809592053649e-05	0.00128804916267152
"Zm00001eb420160"	-7.6706710194212	-0.877958769911545	1.03809592053649e-05	0.00128804916267152
"Zm00001eb412940"	-7.6706710194212	-0.877958769911545	1.03809592053649e-05	0.00128804916267152
"Zm00001eb135270"	-7.6706710194212	-0.877958769911545	1.03809592053649e-05	0.00128804916267152
"Zm00001eb147750"	-2.43526045582955	4.41565351318255	1.05410321885823e-05	0.00130156162499408
"Zm00001eb235510"	-2.44181076056827	4.2394586550034	1.08466758945419e-05	0.00133283115001723
"Zm00001eb166680"	-2.82741290097206	1.42194473921553	1.14756460611656e-05	0.00139662456082204
"Zm00001eb007740"	-2.81715464860304	1.41324202677955	1.14756460611656e-05	0.00139662456082204
"Zm00001eb391140"	-2.74886859210049	1.73214469588958	1.1884120933584e-05	0.00143945000031734
"Zm00001eb388380"	-3.86961645638887	0.0825652937812773	1.20010366015822e-05	0.00144672211847319
"Zm00001eb218930"	-2.84646605166671	1.34915207534871	1.2216276214234e-05	0.00146572264993045
"Zm00001eb317010"	4.38156933791264	-0.362505414528119	1.24310261904248e-05	0.00147438749700256
"Zm00001eb403360"	-2.51218632962219	2.96166219654695	1.24423198351717e-05	0.00147438749700256
"Zm00001eb264510"	-4.26579765325758	-0.0855115806831317	1.24623884201742e-05	0.00147438749700256
"Zm00001eb119580"	-3.4330340830248	0.369013237094814	1.25317668826478e-05	0.00147573158531032
"Zm00001eb057010"	-3.10504364605563	0.7134714536904	1.30939181317621e-05	0.0015348244313341
"Zm00001eb256120"	-2.40441614106734	4.44832080570427	1.34214398852514e-05	0.00156599882991401
"Zm00001eb056060"	-7.61846582159749	-0.922578676743216	1.44320652367268e-05	0.00166105887493839
"Zm00001eb267640"	-7.61846582159749	-0.922578676743216	1.44320652367268e-05	0.00166105887493839
"Zm00001eb214700"	-7.61846582159749	-0.922578676743216	1.44320652367268e-05	0.00166105887493839
"Zm00001eb235950"	-3.84368577421046	0.0601610360136953	1.45200934664768e-05	0.00166366260096083
"Zm00001eb316290"	-2.37530483448832	4.95878754684983	1.48946829310682e-05	0.00169892894634373
"Zm00001eb015400"	-2.38479546502633	4.51161535809184	1.51868588212501e-05	0.00172452205793445
"Zm00001eb023400"	-2.3564524296796	5.15809934488136	1.62552867803374e-05	0.00183764210908739
"Zm00001eb318080"	-2.96579812332002	1.02577580922597	1.65491565219071e-05	0.00186258559863376
"Zm00001eb336580"	-2.33787902085778	6.01515457592114	1.6701663709069e-05	0.00187146924274837
"Zm00001eb027690"	-2.92009168066767	1.10560448394547	1.68015227369202e-05	0.00187440145761536
"Zm00001eb283860"	2.35348580904289	5.01002190865242	1.69255614839176e-05	0.0018799938074451
"Zm00001eb395020"	2.41207298683851	3.39636873300967	1.72125739510669e-05	0.0019035610044319
"Zm00001eb376710"	2.4612046215041	2.7844358521219	1.78683791305846e-05	0.00196753286392013
"Zm00001eb057120"	2.35117418872922	4.64779922898381	1.82802595427113e-05	0.00200420983503622
"Zm00001eb184470"	2.29966720155788	8.75522570078726	2.0063829764356e-05	0.00219031576775176
"Zm00001eb391900"	-7.56430037728277	-0.968668202187221	2.02048913314176e-05	0.00219628895686298
"Zm00001eb415520"	-2.93861207540944	1.00268710519997	2.04617139299205e-05	0.00221185063311588
"Zm00001eb016800"	2.31806532255703	5.44982550108855	2.05219668743257e-05	0.00221185063311588
"Zm00001eb034650"	-2.42076144850416	3.21206554518292	2.09938522660063e-05	0.00225316297990775
"Zm00001eb219380"	-2.3339311202095	4.70477471868012	2.13516586829026e-05	0.00228193609352231
"Zm00001eb281140"	2.53583205154539	1.93959970423935	2.26506265219895e-05	0.00241063320591349
"Zm00001eb042410"	-2.38018421006735	3.3263683097973	2.31211596550518e-05	0.00245045757077457
"Zm00001eb018040"	-2.56861156295583	2.03085338355613	2.36680963457135e-05	0.00249801534709365
"Zm00001eb325280"	-3.34575398013912	0.294411212747668	2.40197599143182e-05	0.00252465542636611
"Zm00001eb015720"	-2.30527631251538	5.06594934393091	2.41578257358749e-05	0.00252871792352969
"Zm00001eb394280"	-3.09774160018463	0.528627579068952	2.5126203991763e-05	0.00261930378989543
"Zm00001eb338790"	3.00861875093607	0.577145188159594	2.53668396367499e-05	0.00263359564489947
"Zm00001eb189220"	-4.59389549875514	-0.632632896789155	2.59099710093557e-05	0.00266820252062337
"Zm00001eb348070"	-4.59389549875514	-0.632632896789155	2.59099710093557e-05	0.00266820252062337
"Zm00001eb061730"	-2.26834258524753	6.99794687749914	2.63779843228735e-05	0.00270544519853472
"Zm00001eb133100"	-3.49307983993919	0.12926048771902	2.75139303983774e-05	0.00279937733445251
"Zm00001eb323630"	3.24372356627152	0.0803919111996082	2.75139303983774e-05	0.00279937733445251
"Zm00001eb051240"	-2.89684763366308	0.967333000464271	2.8270510036952e-05	0.00286472472634303
"Zm00001eb154600"	-2.33689442952389	3.64704067887856	2.84154786549633e-05	0.00286472472634303
"Zm00001eb255070"	7.55969858598715	-1.12691041846884	2.84940775186659e-05	0.00286472472634303
"Zm00001eb080840"	-2.28467990335044	4.91142580600444	2.87496679171602e-05	0.00287904154779877
"Zm00001eb078320"	-2.35309336744087	3.28617662537923	2.92662717643991e-05	0.00291928191607552
"Zm00001eb339510"	-4.1142360188503	-0.216557053669615	2.9565951756086e-05	0.00293765448776485
"Zm00001eb299760"	-2.27780539541336	5.10730867773398	3.00026572307281e-05	0.00296089900315621
"Zm00001eb067380"	-2.27030301962886	5.44686060892937	3.00919832146383e-05	0.00296089900315621
"Zm00001eb122840"	-2.74973019314919	1.17271652941661	3.01491131395446e-05	0.00296089900315621
"Zm00001eb280930"	-2.33775478837413	3.50341124168952	3.05229142500925e-05	0.00298608018025136
"Zm00001eb077080"	2.59290445591817	1.3909196815829	3.09483279809567e-05	0.0030160983544966
"Zm00001eb054710"	-2.41400391697538	2.48843638319531	3.24094571252833e-05	0.00314643874594926
"Zm00001eb203420"	-3.46760701284001	0.107574188815848	3.30221318189786e-05	0.00319372982869787
"Zm00001eb347900"	2.96430093863891	0.53919098451922	3.32880013778806e-05	0.00320724849639308
"Zm00001eb433540"	-2.2390073115844	6.53042318706419	3.345641535069e-05	0.00321131087117038
"Zm00001eb392430"	-3.153942763112	0.37165390615548	3.37038446401655e-05	0.00322289846717011
"Zm00001eb290590"	-2.2349657753386	6.68993895206349	3.42373062966058e-05	0.00325755061051642
"Zm00001eb416900"	-2.33856239143125	3.1241520778118	3.43521278613133e-05	0.00325755061051642
"Zm00001eb306660"	-4.54968925110437	-0.67004396286526	3.45784975955117e-05	0.00325755061051642
"Zm00001eb134540"	-4.54968925110437	-0.67004396286526	3.45784975955117e-05	0.00325755061051642
"Zm00001eb016950"	-2.9152285623912	0.853537259116407	3.59240139572494e-05	0.0033718199963712
"Zm00001eb375120"	2.23794332088863	5.61603321052183	3.64447170026757e-05	0.0034081169914708
"Zm00001eb384900"	-2.50636852409643	1.97887082092433	3.68470394210686e-05	0.00342785047935682
"Zm00001eb177260"	-2.61576415872951	1.55233090904094	3.6925264638456e-05	0.00342785047935682
"Zm00001eb337600"	2.22732104896791	6.06181450367732	3.78735367440412e-05	0.00350309556589612
"Zm00001eb310180"	-2.36127548726412	2.73446798273887	3.82687100135189e-05	0.00352682213008648
"Zm00001eb078660"	-3.13229265420631	0.353391897479588	3.94516049137331e-05	0.00362271127287262
"Zm00001eb235830"	-2.59667279663096	1.53639503939366	3.97766709489341e-05	0.00362656312187718
"Zm00001eb053840"	-2.54217914424051	1.68510966885253	3.98335349104401e-05	0.00362656312187718
"Zm00001eb027740"	-2.44901912978678	2.11238101629067	4.02545536893494e-05	0.00362656312187718
"Zm00001eb081100"	7.48969154636299	-1.18757978402158	4.04915838423148e-05	0.00362656312187718
"Zm00001eb250520"	-7.44945822225243	-1.06566859571538	4.04915838423148e-05	0.00362656312187718
"Zm00001eb311630"	-7.44945822225243	-1.06566859571538	4.04915838423148e-05	0.00362656312187718
"Zm00001eb068210"	-7.44945822225243	-1.06566859571538	4.04915838423148e-05	0.00362656312187718
"Zm00001eb006160"	-2.5529256473389	1.63223779584552	4.07663040842358e-05	0.00363835687960218
"Zm00001eb078010"	-2.21848355222356	5.95568550971637	4.10742679095281e-05	0.00365302475016349
"Zm00001eb028610"	3.61299945085439	-0.515731105265656	4.25190157639541e-05	0.00376834036575588
"Zm00001eb353140"	-2.58521321885794	1.38110203497435	4.30002416371636e-05	0.00379775745237116
"Zm00001eb036970"	2.20172121574224	6.74335286013742	4.34018090798449e-05	0.00380971153167834
"Zm00001eb335210"	-2.22251842059475	5.09982087194115	4.34351448414341e-05	0.00380971153167834
"Zm00001eb377310"	-2.92701071222749	0.563167711960312	4.38708514807501e-05	0.00382571312219847
"Zm00001eb155720"	-2.82443567937038	0.90637463448157	4.39183925020425e-05	0.00382571312219847
"Zm00001eb237570"	2.21729454105155	5.15265222159839	4.43120755890897e-05	0.00384029575875259
"Zm00001eb280520"	2.19828663840905	6.82924571105186	4.43877556641478e-05	0.00384029575875259
"Zm00001eb264840"	2.30165040605607	3.03134704634655	4.49857328052675e-05	0.00387044261818198
"Zm00001eb005850"	-2.28021013210125	3.57247786005179	4.50405336916916e-05	0.00387044261818198
"Zm00001eb032520"	-2.29958038607261	3.09199767505392	4.58433215315873e-05	0.00392616406221365
"Zm00001eb021660"	-3.25285165124992	0.215636266110629	4.72319633832668e-05	0.00403151751884824
"Zm00001eb010420"	-2.2186351798644	4.88447280520224	4.74154000177208e-05	0.00403363918010283
"Zm00001eb128310"	-2.46672072712097	1.79335310915219	4.80510236500648e-05	0.00407408612521016
"Zm00001eb405380"	-2.80950670291868	0.893861491593441	4.91169268305952e-05	0.00415062508592365
"Zm00001eb230580"	-2.38714252215017	2.18346538265259	5.10719509924776e-05	0.00430154352796245
"Zm00001eb359220"	-2.55771502117358	1.50397738322025	5.37299867154708e-05	0.00451048165707827
"Zm00001eb095050"	4.11942875388389	-0.592506155061302	5.49891269011359e-05	0.00458163906227857
"Zm00001eb026260"	4.11942875388389	-0.592506155061302	5.49891269011359e-05	0.00458163906227857
"Zm00001eb403190"	2.19497835464746	4.76534029088973	5.51542744627996e-05	0.00458163906227857
"Zm00001eb214780"	-2.24301607149349	3.66269423141988	5.53937507034387e-05	0.00458163906227857
"Zm00001eb030260"	-2.19719176478009	4.82829360506512	5.54782525232663e-05	0.00458163906227857
"Zm00001eb012350"	-7.38841650227718	-1.11681386598818	5.80014579362886e-05	0.0047745148351697
"Zm00001eb350070"	-4.01501559049904	-0.30148767793955	5.82535650407432e-05	0.00477979896895595
"Zm00001eb158690"	-2.19311259980722	4.52813180952888	6.1085026530325e-05	0.00499600879365064
"Zm00001eb388220"	-2.36196770620425	2.27534563110612	6.15613206352074e-05	0.00500304538980239
"Zm00001eb311310"	-2.77917714662772	0.868498216941051	6.15644443705043e-05	0.00500304538980239
"Zm00001eb288020"	-2.23321573336042	3.62868555996527	6.18209288241446e-05	0.00500788899863357
"Zm00001eb261620"	-4.45699307837256	-0.748006763473488	6.25587787063227e-05	0.00501970061569093
"Zm00001eb020570"	-4.45699307837256	-0.748006763473488	6.25587787063227e-05	0.00501970061569093
"Zm00001eb311720"	-4.45699307837256	-0.748006763473488	6.25587787063227e-05	0.00501970061569093
"Zm00001eb285170"	2.29051960668956	2.68516166257694	6.28139943029439e-05	0.00502432943109963
"Zm00001eb254960"	2.98234502915853	0.247963943819878	6.38266606112748e-05	0.00508932582855293
"Zm00001eb187280"	2.22688075153675	3.42435496362836	6.45536987888512e-05	0.00513121213247881
"Zm00001eb061650"	-2.71489207738934	0.93310128018381	6.54257024825054e-05	0.00518432451197822
"Zm00001eb072980"	-2.8690152920636	0.51476768588938	6.69292266202696e-05	0.00528699319351919
"Zm00001eb248500"	-2.20393347284371	3.84556212066617	6.84262861118227e-05	0.00538765854017258
"Zm00001eb185100"	-2.20375600129612	3.69353381539963	6.86271963758419e-05	0.00538765854017258
"Zm00001eb374190"	2.25248896352621	2.79441652895815	7.03937712892499e-05	0.00550934143542573
"Zm00001eb341790"	2.1518819942332	5.21504051944886	7.09224114045556e-05	0.00553368851682907
"Zm00001eb074640"	-3.75292650716696	-0.522294692395575	7.14006838798912e-05	0.00555396879256548
"Zm00001eb281100"	-2.39621284155043	1.7879224812493	7.22812459104606e-05	0.00560532247249535
"Zm00001eb041030"	-3.04228918182462	0.277879284566955	7.51519311871668e-05	0.00579272794347279
"Zm00001eb146850"	2.2603538071781	2.55089677761159	7.51533346967298e-05	0.00579272794347279
"Zm00001eb100300"	2.17935664927954	3.91916723630005	7.68688843501038e-05	0.00589866315484098
"Zm00001eb267320"	-2.84915356889739	0.498257938733931	7.72234168329158e-05	0.00589866315484098
"Zm00001eb056760"	-2.84915356889739	0.498257938733931	7.72234168329158e-05	0.00589866315484098
"Zm00001eb432180"	-2.71850140205877	0.689232618562855	7.77054109305627e-05	0.00591770907913112
"Zm00001eb094710"	-3.15355259902693	0.132188337285985	7.98418438940888e-05	0.00606226012325386
"Zm00001eb323300"	-2.68518702830991	0.908427416532339	8.14221044437453e-05	0.00616384716854495
"Zm00001eb129970"	-2.91367856474711	0.374293286092754	8.25598069654898e-05	0.00623142804146646
"Zm00001eb090260"	-2.17265849227686	3.77501637720381	8.32830389712515e-05	0.00626520362834524
"Zm00001eb001770"	-2.29548244580724	2.32521557756322	8.46692349730235e-05	0.00626520362834524
"Zm00001eb134710"	-3.33302533480924	-0.00617825067641734	8.47471680492556e-05	0.00626520362834524
"Zm00001eb299340"	-4.4083114171167	-0.788680297090877	8.48374941955684e-05	0.00626520362834524
"Zm00001eb247570"	-4.35792952468784	-0.830572246316989	8.48374941955684e-05	0.00626520362834524
"Zm00001eb207740"	-4.35792952468784	-0.830572246316989	8.48374941955684e-05	0.00626520362834524
"Zm00001eb092600"	-4.35792952468784	-0.830572246316989	8.48374941955684e-05	0.00626520362834524
"Zm00001eb410380"	-2.14514819608426	4.55610735409091	8.49777972864879e-05	0.00626520362834524
"Zm00001eb306070"	-2.11689838979625	5.85184901939184	8.60301101320122e-05	0.00632445630438689
"Zm00001eb409030"	-2.82901458595091	0.481552487880281	8.92043240229716e-05	0.00651127107265512
"Zm00001eb259120"	2.82254239988325	0.419108833312235	8.92043240229716e-05	0.00651127107265512
"Zm00001eb066160"	2.29219108678312	2.12705499261586	8.93392673516526e-05	0.00651127107265512
"Zm00001eb090820"	-2.10306710268531	6.67050159670872	8.96534706379986e-05	0.00651550194042324
"Zm00001eb257310"	-2.35283536064295	1.94547556301711	9.03026348965164e-05	0.00654398239666038
"Zm00001eb281240"	2.14278255570095	4.06359011817639	9.07271307778552e-05	0.00654670867718243
"Zm00001eb292890"	-2.10094617939623	6.72102927189827	9.08550150591838e-05	0.00654670867718243
"Zm00001eb159910"	4.02027597736522	-0.677790237320879	9.30910520520641e-05	0.00666182775978574
"Zm00001eb009630"	-3.71127308880959	-0.556885097668542	9.30910520520641e-05	0.00666182775978574
"Zm00001eb074370"	2.1914348950616	3.08379422295294	9.32383504672009e-05	0.00666182775978574
"Zm00001eb258670"	-2.10758258378163	5.45801860421729	9.59737015833689e-05	0.00683805902934054
"Zm00001eb377880"	2.40420928372842	1.40736529637267	9.95755257564919e-05	0.00707486891939142
"Zm00001eb382400"	2.31744180239363	1.94830323425575	0.00010249498757898	0.00726201254612519
"Zm00001eb291690"	-3.27546884995445	-0.0543901821266747	0.000102970444968718	0.0072689945930355
"Zm00001eb082480"	-2.78787310034937	0.447535311228835	0.00010316508287804	0.0072689945930355
"Zm00001eb015340"	2.10334174995958	4.7733193634044	0.000104727494559725	0.00735869765641208
"Zm00001eb068280"	-2.09789655629692	5.15392129509577	0.000105212110592194	0.00737238359510482
"Zm00001eb362240"	2.38248754868998	1.54426884970937	0.000105818908113435	0.00739453227135534
"Zm00001eb248540"	2.1369020482285	3.62730012511051	0.000106172848615006	0.00739893856814052
"Zm00001eb354270"	-2.15344714834134	3.48284352967962	0.000108950002488985	0.00756655260301702
"Zm00001eb242240"	-2.72089524569218	0.549657244074917	0.000109173014833592	0.00756655260301702
"Zm00001eb047450"	-2.08511101702768	5.38739653640225	0.000112552968915566	0.00777961227537046
"Zm00001eb150050"	-2.09766587110903	4.74734401665398	0.000113022189545383	0.00779087374871642
"Zm00001eb166630"	-2.10176675478145	4.44009029464089	0.000114120694944799	0.00783740751199142
"Zm00001eb401290"	-3.10121661865867	0.0885301519250648	0.000114313500037302	0.00783740751199142
"Zm00001eb329140"	-4.30572432686413	-0.87375821578856	0.000115709716020775	0.0078905960769556
"Zm00001eb305290"	-4.30572432686413	-0.87375821578856	0.000115709716020775	0.0078905960769556
"Zm00001eb169320"	-2.2445600519005	2.31688209791945	0.000116251208446713	0.00790099963586986
"Zm00001eb309350"	-2.20266808257018	2.70581342226337	0.000116523448799109	0.00790099963586986
"Zm00001eb047060"	2.14016601477821	3.29139241097608	0.000117143961728787	0.00790099963586986
"Zm00001eb246190"	-2.34185579371669	1.84320566232712	0.000117202530423424	0.00790099963586986
"Zm00001eb154180"	-3.90846404546798	-0.391894411399031	0.00011803663554138	0.00790099963586986
"Zm00001eb018270"	-3.87112329653483	-0.423374025681287	0.00011803663554138	0.00790099963586986
"Zm00001eb139730"	-3.87112329653483	-0.423374025681287	0.00011803663554138	0.00790099963586986
"Zm00001eb138050"	-2.24367208328669	2.28300205608599	0.000120550102569522	0.0080445803991834
"Zm00001eb413470"	-3.66838120970006	-0.592352401415317	0.000121882943927511	0.0080445803991834
"Zm00001eb126450"	-3.66838120970006	-0.592352401415317	0.000121882943927511	0.0080445803991834
"Zm00001eb148040"	-7.25799180474223	-1.22508348338023	0.00012207925908495	0.0080445803991834
"Zm00001eb356350"	-7.25799180474223	-1.22508348338023	0.00012207925908495	0.0080445803991834
"Zm00001eb208670"	7.25664212542119	-1.38591163411737	0.00012207925908495	0.0080445803991834
"Zm00001eb174790"	2.61160407636727	0.495074105066701	0.000125375213107957	0.00821983191351589
"Zm00001eb290160"	-3.24580597508936	-0.0791317114394465	0.000125385075579657	0.00821983191351589
"Zm00001eb244830"	2.52206681389524	0.821166585239701	0.000127134017781855	0.00831306137866136
"Zm00001eb003700"	-2.08371032824517	4.71354930793021	0.00012758004197874	0.008320835763516
"Zm00001eb255170"	-2.31188879323386	1.71904708914723	0.000128332253097539	0.00833397967511539
"Zm00001eb214410"	2.06657964855778	5.19890480339893	0.000128436862425115	0.00833397967511539
"Zm00001eb075000"	-2.39101678753312	1.49877189588115	0.000129765862646045	0.00839879003120816
"Zm00001eb285970"	2.23393441635886	2.19854866207934	0.000130183115314775	0.008404410459763
"Zm00001eb026220"	-2.36696705032075	1.54081672490171	0.000131384238795472	0.00846047974177628
"Zm00001eb247140"	-2.84670781033034	0.318847154350535	0.000131778284066627	0.00846442533716848
"Zm00001eb069330"	-2.05166000011221	6.31853245081189	0.000133405440448623	0.00853252564285297
"Zm00001eb142620"	-2.09135385577136	4.1323797696833	0.000133509404224543	0.00853252564285297
"Zm00001eb059840"	-2.27149780383785	2.12727469740687	0.000133926228377575	0.00853771314539345
"Zm00001eb133700"	2.36747453782374	1.32168809493242	0.000134861218932989	0.00857582491194877
"Zm00001eb256380"	2.28773188094882	1.65009736625739	0.000135672734964899	0.00860591443034207
"Zm00001eb106410"	-3.07431900597386	0.0661814894072847	0.000137160619150878	0.00867865051920828
"Zm00001eb006680"	-2.0988244552713	3.92755391502015	0.000137804808508448	0.00869777446456796
"Zm00001eb089110"	-2.74552385256492	0.412676018988549	0.00013847811632002	0.00871863704632679
"Zm00001eb365040"	-2.08211115316826	4.07283219465196	0.000141122525993358	0.00886319153374582
"Zm00001eb197870"	-2.0351224027391	7.22495928040676	0.000142710167023974	0.00894082711433939
"Zm00001eb375000"	-2.32361390080329	1.621399242934	0.000143884363886595	0.0089922424565588
"Zm00001eb064350"	-2.17291141349678	2.58053971576839	0.000145412318701817	0.00906546014338091
"Zm00001eb263800"	2.26874313173489	1.75835699945388	0.000148158920994138	0.00921410834818311
"Zm00001eb135250"	-2.60906839441415	0.599305444887565	0.000148933875072374	0.00923668170761755
"Zm00001eb326950"	-2.07262731079132	4.30121326552317	0.000149248159373754	0.00923668170761755
"Zm00001eb042530"	-3.83279033263338	-0.455577327283852	0.000150348800303115	0.00928221379735445
"Zm00001eb300960"	2.10937992982468	3.14723433584048	0.000151966680057608	0.00933370908612075
"Zm00001eb312870"	2.44918657806151	1.07404660032617	0.000152608162709797	0.00933370908612075
"Zm00001eb123110"	-3.2155203837149	-0.104317384391893	0.000153017639916353	0.00933370908612075
"Zm00001eb024150"	-3.2155203837149	-0.104317384391893	0.000153017639916353	0.00933370908612075
"Zm00001eb184970"	2.97523967368101	-0.14617816484206	0.000153017639916353	0.00933370908612075
"Zm00001eb361860"	2.12591895441139	2.87094138204725	0.000156010936545278	0.00949352675111411
"Zm00001eb201180"	-2.03373185052372	5.75285981170583	0.000156594469790956	0.00950629339761996
"Zm00001eb005800"	4.58362020150157	-1.01705668774581	0.000158752717603995	0.00959152998806465
"Zm00001eb334620"	-4.25155888254941	-0.9183210595985	0.000158752717603995	0.00959152998806465
"Zm00001eb004260"	-2.59221577670606	0.831712307008214	0.000159525309869608	0.00961536915128753
"Zm00001eb417750"	-3.62417496204928	-0.628742513561664	0.000160272133094773	0.00963754604585966
"Zm00001eb345910"	-2.72387374365923	0.394917196615964	0.00016072934668601	0.00964224448656919
"Zm00001eb207660"	-2.15604744546722	2.54049305166634	0.000168143938172035	0.0100633157913974
"Zm00001eb227150"	-2.06109747291092	4.01103837676736	0.000169715035530439	0.0101335015111555
"Zm00001eb194370"	2.32569953401569	1.28756556183813	0.000172995844412555	0.0103052044460837
"Zm00001eb163060"	-2.89579128879044	0.156419586460655	0.000174082484250731	0.0103104229797843
"Zm00001eb095970"	2.80587128583212	0.100280959039319	0.000174082484250731	0.0103104229797843
"Zm00001eb383160"	-2.03167805606768	4.99115654219127	0.000174299492109893	0.0103104229797843
"Zm00001eb042780"	-2.13749960997091	2.79269547895124	0.000175508814916923	0.010357870571292
"Zm00001eb329070"	-2.05541181081446	3.87276979250321	0.000179493090129164	0.0105218488549905
"Zm00001eb138820"	-7.18807367153035	-1.28253395067881	0.000179528322183751	0.0105218488549905
"Zm00001eb387060"	-7.18807367153035	-1.28253395067881	0.000179528322183751	0.0105218488549905
"Zm00001eb090700"	-2.20746782824901	1.9974157126138	0.00018012328427194	0.0105324502499794
"Zm00001eb190090"	-2.13367785441966	2.67429546936184	0.000181166508419178	0.0105484691821326
"Zm00001eb054810"	-2.80026868149828	0.280630538868284	0.000181226648552915	0.0105484691821326
"Zm00001eb157060"	2.03315231183933	4.3930683491853	0.000184402424313969	0.0107088129334477
"Zm00001eb112200"	-2.41624803435045	1.08028327238592	0.000185091151275834	0.0107243246556996
"Zm00001eb003630"	-2.70189378150841	0.376931369968895	0.000186785859926182	0.0107781720351223
"Zm00001eb408900"	-2.1291876497862	2.78600370758205	0.00018686797717758	0.0107781720351223
"Zm00001eb332120"	-2.08898293900154	3.17367098700048	0.000189571087655865	0.0108940033691887
"Zm00001eb165470"	2.07732868403558	3.12142474296251	0.000189910012641443	0.0108940033691887
"Zm00001eb260160"	-2.05905275717315	3.57649807038175	0.000190161090419869	0.0108940033691887
"Zm00001eb269940"	-2.62016105990499	0.467180491142185	0.000191117863664967	0.0109242111914204
"Zm00001eb280620"	-2.11783415205546	2.82053394209569	0.000192507421038792	0.0109789658330554
"Zm00001eb338960"	-2.09146613438383	3.12511117012891	0.000194704015160606	0.0110793989477073
"Zm00001eb138650"	-1.98834156004527	7.13822555846322	0.00019813891490384	0.0112496907131564
"Zm00001eb178680"	-3.01897092099617	0.0203878372042466	0.000198587759407585	0.0112500629137892
"Zm00001eb384100"	-2.59990818840267	0.720229639325058	0.000199164163478751	0.0112576436938789
"Zm00001eb363360"	-2.26670972973388	1.57532666781768	0.000203659438548584	0.0114796764516232
"Zm00001eb204420"	-2.40259097483626	1.06920138796025	0.000203994879546064	0.0114796764516232
"Zm00001eb333200"	-2.86986060661204	0.135115059203334	0.000206923919526531	0.0116034119251547
"Zm00001eb348560"	2.04521481241918	3.62209862932708	0.000207106031373653	0.0116034119251547
"Zm00001eb377540"	-2.11553838544861	2.65972155836988	0.000207573438064777	0.0116040394958586
"Zm00001eb432160"	2.07423366797457	3.07690071980373	0.000210552387635976	0.0117447599383962
"Zm00001eb236640"	-3.42111138020364	-0.298021544404328	0.000214309569993243	0.0119281799176108
"Zm00001eb161620"	-2.67957375935555	0.358712594910626	0.000217337018137036	0.0120702716011652
"Zm00001eb317020"	2.49739003330139	0.512165702372306	0.000222588402754143	0.0123349860837786
"Zm00001eb092580"	2.41599409110935	0.818958787558006	0.000225605638865428	0.0124750109351762
"Zm00001eb396640"	-2.14385423615003	2.23557394904345	0.000226623591039983	0.0124891192169715
"Zm00001eb416820"	-2.21396166449212	1.8327084217333	0.000226842784959933	0.0124891192169715
"Zm00001eb247860"	-2.06790438752035	2.90406437746712	0.000234305826538552	0.0128721447167054
"Zm00001eb340140"	-2.10742426720691	2.47451459629378	0.000236834032677452	0.0129829966706545
"Zm00001eb135460"	-2.02172626603489	3.79490718041147	0.000237861528207738	0.0130112813580474
"Zm00001eb143360"	2.05273101167509	2.9411917564243	0.000238819169065729	0.0130356317260856
"Zm00001eb006410"	-1.97223145514392	5.76933385547722	0.000239526957251542	0.0130462691320133
"Zm00001eb146000"	-2.03690256532862	3.37518447844008	0.000246065818505797	0.0133527237089336
"Zm00001eb079860"	-2.84345530842217	0.113482310744293	0.000246369098197869	0.0133527237089336
"Zm00001eb284380"	2.29630151563555	1.08345498348195	0.000246728264790013	0.0133527237089336
"Zm00001eb355990"	-1.98520790391785	4.5102362652003	0.000251585629433117	0.0135866922935473
"Zm00001eb142030"	-2.46166939167496	0.833843838889208	0.000252209407681928	0.013591333454014
"Zm00001eb074840"	-2.65690298924246	0.340254689779533	0.000253203865498871	0.013591333454014
"Zm00001eb148070"	-1.98529695820519	4.40111203525037	0.000253274573722387	0.013591333454014
"Zm00001eb412420"	-2.00339107421908	3.83121335593268	0.000254491306643669	0.0136252050426787
"Zm00001eb324090"	-1.95226520191784	6.97402591161308	0.000254977103330518	0.0136252050426787
"Zm00001eb031580"	-2.10380069321874	2.44417644027233	0.000257211808432363	0.013715806203953
"Zm00001eb257130"	-1.94887630768108	6.36599967991219	0.000266225547307204	0.014034282230885
"Zm00001eb350680"	-7.11459370522109	-1.34244703726446	0.000266572357181933	0.014034282230885
"Zm00001eb283260"	-7.11459370522109	-1.34244703726446	0.000266572357181933	0.014034282230885
"Zm00001eb110290"	-7.11459370522109	-1.34244703726446	0.000266572357181933	0.014034282230885
"Zm00001eb234470"	-7.11459370522109	-1.34244703726446	0.000266572357181933	0.014034282230885
"Zm00001eb114220"	-7.11459370522109	-1.34244703726446	0.000266572357181933	0.014034282230885
"Zm00001eb085690"	-3.38560854277446	-0.327476049114908	0.000268475350323849	0.014034282230885
"Zm00001eb343180"	-3.38560854277446	-0.327476049114908	0.000268475350323849	0.014034282230885
"Zm00001eb098570"	-3.38560854277446	-0.327476049114908	0.000268475350323849	0.014034282230885
"Zm00001eb020100"	-2.04222837350407	3.01545347035942	0.000268701660891689	0.014034282230885
"Zm00001eb097930"	2.34862353389132	0.991857966467329	0.000273940523237885	0.0142785884202435
"Zm00001eb187620"	-2.08661896851121	2.56268063787513	0.000278175107007754	0.0144696564863993
"Zm00001eb300670"	-1.96333182294314	4.70529671008266	0.000281144633271379	0.0145942752895731
"Zm00001eb196580"	-3.12065130183645	-0.182707833613509	0.000281947499059141	0.0146061437598133
"Zm00001eb124620"	2.40195946374411	0.722942590874459	0.000284897606806366	0.0147289746478186
"Zm00001eb116010"	-1.92933172269594	8.22054039761769	0.000291618967459812	0.0150458824671558
"Zm00001eb134140"	-2.51107226813757	0.519718502843946	0.000292407086107489	0.0150560053486439
"Zm00001eb344530"	-2.70265002643043	0.20093128729503	0.000295415701143143	0.0151801894429838
"Zm00001eb159030"	2.0321794587608	2.84547720765123	0.000297406739753446	0.0152516891781626
"Zm00001eb189450"	-2.00150642869129	3.45474701535012	0.000304333366949659	0.0155183416538604
"Zm00001eb045990"	-4.13671672751908	-1.01195092723334	0.000304436722962586	0.0155183416538604
"Zm00001eb293410"	-4.13671672751908	-1.01195092723334	0.000304436722962586	0.0155183416538604
"Zm00001eb198150"	-2.1728887854871	1.79973149127686	0.000305413984718721	0.0155242195708532
"Zm00001eb247330"	1.97689377104305	3.72202707529594	0.000305772684580809	0.0155242195708532
"Zm00001eb238010"	-2.03769893011718	2.79882856576484	0.000312331026298193	0.0158256015635873
"Zm00001eb318940"	2.03853035259512	2.67755086956731	0.000315436647407785	0.0159380607352676
"Zm00001eb234360"	-2.20656768351074	1.68467750303522	0.000316654047052048	0.0159380607352676
"Zm00001eb414360"	-1.9268005996772	6.10453306371706	0.00031718394415053	0.0159380607352676
"Zm00001eb107560"	-1.92853423364943	5.89479465982753	0.000317503537188656	0.0159380607352676
"Zm00001eb198790"	-2.02900521475572	2.83306228735188	0.000317683471960241	0.0159380607352676
"Zm00001eb215270"	2.41536114587998	0.54823279671517	0.000330621525810074	0.0165277939125166
"Zm00001eb138340"	-2.03523019933589	2.64283447247597	0.000331267255086115	0.0165277939125166
"Zm00001eb159390"	2.06785962884445	2.25189232139447	0.000331387596138681	0.0165277939125166
"Zm00001eb322910"	-2.19735418220906	1.51961596212507	0.000334934463044511	0.0166269489529872
"Zm00001eb175600"	-2.49064817487457	0.503246697668702	0.000335649792611797	0.0166269489529872
"Zm00001eb327000"	-1.96027256509844	3.99312576803213	0.000335925839983891	0.0166269489529872
"Zm00001eb095060"	-3.34920993693238	-0.357563342290965	0.00033729775356744	0.0166269489529872
"Zm00001eb359590"	-3.34920993693238	-0.357563342290965	0.00033729775356744	0.0166269489529872
"Zm00001eb042190"	-3.31186918799923	-0.388311430760046	0.00033729775356744	0.0166269489529872
"Zm00001eb100210"	-1.91661717156334	6.19241058909055	0.000339841428627604	0.0167199353550711
"Zm00001eb275490"	1.95658860858135	3.78959508159658	0.000346596924876816	0.0170193810447233
"Zm00001eb042200"	-2.24923736582304	1.18166688610038	0.000347985023166914	0.0170407131398239
"Zm00001eb413930"	-1.99877246670699	2.99881176985714	0.000349094050287046	0.0170407131398239
"Zm00001eb236380"	-2.06898395286431	2.33081786030361	0.000349891788257875	0.0170407131398239
"Zm00001eb154410"	-2.7891490612675	0.0691901362867282	0.000351022087860264	0.0170407131398239
"Zm00001eb187810"	-2.7891490612675	0.0691901362867282	0.000351022087860264	0.0170407131398239
"Zm00001eb103840"	-2.90146596990182	-0.0759430345780269	0.000351051017662672	0.0170407131398239
"Zm00001eb198960"	1.91972915036393	4.95602682305169	0.000358382921774819	0.0173634819014558
"Zm00001eb149500"	2.29596026790606	1.017771557336	0.000361867666719206	0.0174989847351135
"Zm00001eb108670"	1.93094639444739	4.28354324035031	0.000362853805426842	0.0175133764607916
"Zm00001eb130200"	1.89677760473534	7.866908635643	0.000364269440838186	0.017548404350682
"Zm00001eb332560"	1.9524422033262	3.56727946568591	0.000366074775867769	0.0175880512935751
"Zm00001eb105500"	2.1858490048623	1.43245302465683	0.000366475357194323	0.0175880512935751
"Zm00001eb293210"	-1.93434656007673	4.08997774686403	0.000377556805466288	0.018063935296805
"Zm00001eb432940"	-1.96933428192328	3.42924294343375	0.000378456405218942	0.018063935296805
"Zm00001eb273370"	1.91140401027735	5.10094157744866	0.000378521682387052	0.018063935296805
"Zm00001eb172800"	-1.96272610405003	3.4624270326746	0.000379307893634388	0.0180675572705698
"Zm00001eb303410"	-2.01221512532812	2.73624745110497	0.000382876974375361	0.0181764103000704
"Zm00001eb194070"	-2.05367909890387	2.22768155326774	0.000383022327442904	0.0181764103000704
"Zm00001eb269330"	2.17719246841873	1.47196991960059	0.000387027069500409	0.0183027907463856
"Zm00001eb235330"	-1.89659697288676	6.16357113879669	0.000387124603772428	0.0183027907463856
"Zm00001eb077270"	-2.24743677384069	1.10591062253105	0.000389379044505341	0.0183752233321667
"Zm00001eb202040"	1.90495019814333	5.01366693618316	0.000393615744669262	0.0185192109545663
"Zm00001eb113490"	1.89364167699774	6.07980181905456	0.000393886347162304	0.0185192109545663
"Zm00001eb165860"	-2.39543207586202	0.780340982992407	0.000396576246408582	0.0185260504843706
"Zm00001eb114950"	-2.27395321228825	1.04868880767142	0.000398713417169527	0.0185260504843706
"Zm00001eb388950"	-7.03716943422357	-1.40504352238502	0.000399858535772899	0.0185260504843706
"Zm00001eb357300"	-7.03716943422357	-1.40504352238502	0.000399858535772899	0.0185260504843706
"Zm00001eb335530"	-7.03716943422357	-1.40504352238502	0.000399858535772899	0.0185260504843706
"Zm00001eb222720"	-7.03716943422357	-1.40504352238502	0.000399858535772899	0.0185260504843706
"Zm00001eb275580"	-6.95535326924154	-1.47057516529286	0.000399858535772899	0.0185260504843706
"Zm00001eb321020"	-6.95535326924154	-1.47057516529286	0.000399858535772899	0.0185260504843706
"Zm00001eb420190"	-2.58667143046636	0.283380538668661	0.000403478437319246	0.018659777330277
"Zm00001eb160650"	-2.09842000186437	1.988033146298	0.000409637523847085	0.0189102360373402
"Zm00001eb300630"	-1.96985565420633	3.09528752707369	0.000414451194749615	0.0190977909232812
"Zm00001eb314320"	-2.08036990682174	2.04758045199394	0.000417569863337063	0.0192067035150841
"Zm00001eb221490"	2.03261419539086	2.1985531944596	0.000419150725193523	0.019244617050582
"Zm00001eb417770"	-3.27353622409778	-0.419750223467747	0.000425002200777863	0.0194081794954861
"Zm00001eb276920"	-3.27353622409778	-0.419750223467747	0.000425002200777863	0.0194081794954861
"Zm00001eb403150"	-3.27353622409778	-0.419750223467747	0.000425002200777863	0.0194081794954861
"Zm00001eb156540"	2.19943826615242	1.06822259739967	0.000427667417811973	0.0194948896764612
"Zm00001eb394970"	1.88721315564377	5.23917151817119	0.000429925295747621	0.019562754602212
"Zm00001eb166870"	-1.91076973604668	4.36202342329599	0.000431088436989644	0.0195773250859336
"Zm00001eb010060"	-2.33935749467072	0.835974084547813	0.000431784847193298	0.0195773250859336
"Zm00001eb007070"	-1.91609904258891	3.85887156935691	0.000445778045724648	0.0201758191655732
"Zm00001eb019830"	1.88240536668572	4.98233862033712	0.000454776453899683	0.0205465255442137
"Zm00001eb409220"	-2.13083210852052	1.52110618086612	0.000469720904018029	0.0211840796358202
"Zm00001eb294480"	1.87641627214562	4.94657223898647	0.000473999507124266	0.0213392061295802
"Zm00001eb213930"	-1.99936259511691	2.38865332793322	0.000480082860307365	0.0215748898140956
"Zm00001eb286760"	-1.88883139864629	4.41540859635529	0.00048549749288556	0.0217797429083547
"Zm00001eb038760"	-2.62484121896298	0.138040642747088	0.000487970817559816	0.0218034339196878
"Zm00001eb241730"	-1.92304948075043	3.51697658535472	0.00048817610012621	0.0218034339196878
"Zm00001eb322740"	2.0112680766515	2.15590350518543	0.000488597158917363	0.0218034339196878
"Zm00001eb231210"	-1.87340308233186	5.01257607668633	0.000490435484680872	0.0218471400846632
"Zm00001eb304040"	-2.03641708824375	2.08302828115361	0.000491911669467832	0.0218745895534681
"Zm00001eb004760"	-1.92398936465861	3.49371256953693	0.000495461600072794	0.0219939987075944
"Zm00001eb310270"	-1.9179074432771	3.51293572327166	0.000497360127692595	0.0220398122090398
"Zm00001eb299740"	2.0316722324886	2.03598015617495	0.000501342087842041	0.0220744208754823
"Zm00001eb382720"	-3.38021003780905	-0.826425532168841	0.000501612488835854	0.0220744208754823
"Zm00001eb022810"	-3.38021003780905	-0.826425532168841	0.000501612488835854	0.0220744208754823
"Zm00001eb263940"	3.18416881988346	-0.868869082089373	0.000501612488835854	0.0220744208754823
"Zm00001eb247050"	-2.73271837712355	0.0234538202064256	0.000503584566231777	0.0220847879770198
"Zm00001eb289910"	2.64028822313901	-0.0350820894307123	0.000503584566231777	0.0220847879770198
"Zm00001eb099920"	-1.8657120499788	5.15102843649305	0.000504833978447691	0.0220979409905245
"Zm00001eb314610"	1.86645517772875	5.12200942169129	0.00050562201826094	0.0220979409905245
"Zm00001eb149550"	-2.02827627549302	2.23853312712172	0.000507401829615054	0.0221376894306836
"Zm00001eb256660"	-2.20607151931309	1.0729861995552	0.000516619818610556	0.0225012700448255
"Zm00001eb397490"	2.68176594332459	-0.180527304689612	0.000518414979375681	0.022540860539145
"Zm00001eb179680"	-1.85819139905776	5.40303820131647	0.000524276757185864	0.0227448211186849
"Zm00001eb367240"	1.92286052467289	3.20417681244179	0.000524894244247054	0.0227448211186849
"Zm00001eb358800"	1.97418031295762	2.45089877066607	0.000527425445166497	0.022815635413699
"Zm00001eb081210"	-3.01910193665479	-0.265745069332289	0.000530697086883243	0.0229126980550836
"Zm00001eb360260"	-2.46615823083317	0.342935095579693	0.000531470822947764	0.0229126980550836
"Zm00001eb017640"	-1.86980205443354	4.52641373912902	0.000532689314517019	0.0229263712420556
"Zm00001eb426510"	-1.86548205774027	4.75093556808312	0.000534929398637306	0.0229776579392633
"Zm00001eb139740"	1.94504739075653	2.79265311986611	0.000535687653639847	0.0229776579392633
"Zm00001eb289010"	-1.86278061191922	4.76345538122405	0.000537961174545753	0.0230363306999087
"Zm00001eb159280"	1.86979204588345	4.31300685830907	0.000545425825201552	0.0233167248568516
"Zm00001eb367120"	1.93283648684973	2.66561027802614	0.000552798579987749	0.0235922561754503
"Zm00001eb315290"	-2.24315604605454	0.94119869541156	0.000555111127619731	0.0236512674072621
"Zm00001eb293200"	-2.11377993463733	1.45314832775394	0.000558183464475164	0.0237423990006526
"Zm00001eb350590"	-2.34367875696539	0.738838637792712	0.000560882105220606	0.0238173576433912
"Zm00001eb126130"	-2.08679915182332	1.53871051988378	0.000565206013186242	0.0239609669190088
"Zm00001eb285920"	-2.11354122003492	1.61046431754968	0.000571341062948749	0.0241807508771454
"Zm00001eb335540"	-2.59794360627818	0.116434701623946	0.000578571462320545	0.0244055451336408
"Zm00001eb073260"	-2.59794360627818	0.116434701623946	0.000578571462320545	0.0244055451336408
"Zm00001eb409750"	2.27093737934252	0.617729564139324	0.00058549689488671	0.0246567864542026
"Zm00001eb231920"	1.88413670814545	3.44574897973733	0.000586938619000565	0.0246766458064436
"Zm00001eb012550"	1.84495317587076	4.86138059350453	0.000593424917935896	0.0247913951171151
"Zm00001eb044880"	4.2957351075	-1.25567523121844	0.00059934839867498	0.0247913951171151
"Zm00001eb348270"	-4.01193601348109	-1.11231030963073	0.00059934839867498	0.0247913951171151
"Zm00001eb015870"	-4.01193601348109	-1.11231030963073	0.00059934839867498	0.0247913951171151
"Zm00001eb195440"	-4.01193601348109	-1.11231030963073	0.00059934839867498	0.0247913951171151
"Zm00001eb131710"	-4.01193601348109	-1.11231030963073	0.00059934839867498	0.0247913951171151
"Zm00001eb051290"	-1.95202250419893	2.6451444446734	0.000599467693386393	0.0247913951171151
"Zm00001eb075900"	-6.86861682701736	-1.53933077113767	0.00060623713488149	0.0247913951171151
"Zm00001eb288750"	-6.86861682701736	-1.53933077113767	0.00060623713488149	0.0247913951171151
"Zm00001eb340500"	-6.86861682701736	-1.53933077113767	0.00060623713488149	0.0247913951171151
"Zm00001eb115970"	-6.86861682701736	-1.53933077113767	0.00060623713488149	0.0247913951171151
"Zm00001eb370510"	-6.86861682701736	-1.53933077113767	0.00060623713488149	0.0247913951171151
"Zm00001eb236930"	-6.86861682701736	-1.53933077113767	0.00060623713488149	0.0247913951171151
"Zm00001eb336000"	-6.86861682701736	-1.53933077113767	0.00060623713488149	0.0247913951171151
"Zm00001eb044250"	-6.86861682701736	-1.53933077113767	0.00060623713488149	0.0247913951171151
"Zm00001eb203300"	-6.86861682701736	-1.53933077113767	0.00060623713488149	0.0247913951171151
"Zm00001eb301120"	-6.86861682701736	-1.53933077113767	0.00060623713488149	0.0247913951171151
"Zm00001eb413600"	-1.94376229789177	2.6606335055687	0.000610152386890883	0.0249114544349221
"Zm00001eb285770"	1.95128278350224	2.34742633950675	0.000611133183010023	0.0249115122484663
"Zm00001eb178700"	-1.90761656630022	3.14130834540965	0.000615175858875224	0.0250361810341603
"Zm00001eb154390"	-2.0502341851881	1.74663868896307	0.000617868948144589	0.025068128004491
"Zm00001eb207670"	2.47314615975052	0.262618404649322	0.000617931917707811	0.025068128004491
"Zm00001eb169870"	-1.90636556077195	3.12493259919401	0.000622293211063517	0.0252048568735854
"Zm00001eb357740"	-1.83517036323243	4.98679779626773	0.000626765749234326	0.0253456495986078
"Zm00001eb071700"	-2.24058467944574	0.851140246325665	0.000643050070147855	0.0259628914036204
"Zm00001eb144510"	-2.18661228154385	0.979258536066267	0.000652290870811463	0.0262824223039451
"Zm00001eb063210"	-1.89187135794962	3.06640146744399	0.000653030779056979	0.0262824223039451
"Zm00001eb010130"	-1.86342978812379	3.75060845177023	0.000662971503800872	0.0266403525603144
"Zm00001eb225090"	-2.27235093741714	0.782528213065365	0.000674117428165536	0.0268797113994129
"Zm00001eb342260"	-3.32604459349433	-0.86955583089231	0.000675268736602642	0.0268797113994129
"Zm00001eb061160"	-3.32604459349433	-0.86955583089231	0.000675268736602642	0.0268797113994129
"Zm00001eb155760"	-3.32604459349433	-0.86955583089231	0.000675268736602642	0.0268797113994129
"Zm00001eb107240"	3.12035595028533	-0.919495125791481	0.000675268736602642	0.0268797113994129
"Zm00001eb276740"	3.12035595028533	-0.919495125791481	0.000675268736602642	0.0268797113994129
"Zm00001eb005570"	-3.19367239863135	-0.484830144493772	0.000680832829598457	0.0270166362771706
"Zm00001eb330520"	2.8057982516805	-0.523529666018365	0.000680832829598457	0.0270166362771706
"Zm00001eb324150"	-1.91444643690207	2.80232105037967	0.00068235549102254	0.0270348820399522
"Zm00001eb380130"	-2.14900566009888	1.02785882773773	0.000688297200753514	0.027227881179419
"Zm00001eb223800"	-1.84062917711099	4.03254132275429	0.000691230781032245	0.0272731895496437
"Zm00001eb351260"	-1.81799287331355	5.11007691372975	0.000691587012876245	0.0272731895496437
"Zm00001eb335630"	-1.88739806220948	3.1255015489589	0.000693454620994177	0.0273045073368543
"Zm00001eb214880"	-2.00635862029092	1.79687641368983	0.000697489880170315	0.0273865327249519
"Zm00001eb030740"	-1.9203021214229	2.57532326288172	0.000698448763627239	0.0273865327249519
"Zm00001eb014210"	1.83870501180022	4.06769261744338	0.00069876787775176	0.0273865327249519
"Zm00001eb159220"	1.91256844075131	2.4831983441841	0.000700515930723508	0.0274128049444356
"Zm00001eb087570"	-2.28999960969841	0.69607720199479	0.000709165503418588	0.0277086539861063
"Zm00001eb074360"	-1.86988528997331	3.28479191167428	0.000711805387422539	0.0277691439179137
"Zm00001eb076900"	-2.22412253912469	0.838103041673545	0.000716436937068907	0.0279043698434788
"Zm00001eb307100"	1.98023925873703	1.81325792366457	0.000717465713069474	0.0279043698434788
"Zm00001eb345960"	-2.41895939002198	0.305321057199352	0.000719309926618769	0.0279333851808779
"Zm00001eb009570"	2.18919269677522	0.932321511611903	0.000720857254659386	0.0279508005023112
"Zm00001eb245630"	2.56833979745706	-0.0928679385920161	0.000727558921032214	0.0281677149396886
"Zm00001eb021790"	-1.84872813246613	3.51716877746	0.000742280602337557	0.02866004048852
"Zm00001eb002830"	-1.80690520055936	5.13460587387396	0.000742528962177021	0.02866004048852
"Zm00001eb314250"	-1.93041393479265	2.33454379783779	0.000748976059923842	0.0288650834245801
"Zm00001eb244990"	-2.19643160496918	0.90417735375431	0.000757407064983899	0.0291458488728146
"Zm00001eb085330"	-1.86373557570762	3.25258086079092	0.00076132342009161	0.0292522998692601
"Zm00001eb126980"	1.7947006173679	5.85733267654649	0.000762557314291325	0.029255517113596
"Zm00001eb365850"	-2.46144169606496	0.183151543495289	0.00076492423185146	0.0292580643028176
"Zm00001eb318470"	2.45721682701179	0.119845586692712	0.00076492423185146	0.0292580643028176
"Zm00001eb336410"	-1.82318258119769	4.07364303099602	0.000771800938968756	0.0294376222471915
"Zm00001eb205370"	-2.77353499509254	-0.179386872117371	0.000771933245749202	0.0294376222471915
"Zm00001eb308400"	1.78633810133466	6.37999902710114	0.000776658224652489	0.0295734709614681
"Zm00001eb078340"	-1.8008044291978	5.1443616475173	0.000780169086038277	0.029662751677832
"Zm00001eb276150"	-2.07220781621085	1.36380402655661	0.000782737555422817	0.0296839993459742
"Zm00001eb155600"	-1.83882124464416	3.66118292990312	0.000783061942174425	0.0296839993459742
"Zm00001eb202460"	-2.33896067142912	0.382203621970112	0.000784675450277291	0.0297008999304363
"Zm00001eb212240"	1.80522135939398	4.39651643400255	0.000795113224063302	0.0300512629528591
"Zm00001eb101510"	2.19713944695546	0.798562667488906	0.000798671865959172	0.0301311312435825
"Zm00001eb111310"	1.8926914194581	2.58079417547183	0.000799595596375931	0.0301311312435825
"Zm00001eb227020"	-1.92421128963604	2.40891413482926	0.00080361108920518	0.0302376503920458
"Zm00001eb383830"	-1.84033528339662	3.40394848961157	0.000811038307518148	0.0304582926930842
"Zm00001eb354860"	-1.88548210873273	2.69976151357212	0.000814306934308615	0.0304582926930842
"Zm00001eb363610"	-1.85361105532258	3.15917125730679	0.000814601243804941	0.0304582926930842
"Zm00001eb349590"	-2.54259552130048	0.0721977140020151	0.000817119361398262	0.0304582926930842
"Zm00001eb188610"	-2.94720049338352	-0.323972172358925	0.00081905457627259	0.0304582926930842
"Zm00001eb428550"	-2.94720049338352	-0.323972172358925	0.00081905457627259	0.0304582926930842
"Zm00001eb262650"	-2.90985974445037	-0.354020446547133	0.00081905457627259	0.0304582926930842
"Zm00001eb187770"	-2.90985974445037	-0.354020446547133	0.00081905457627259	0.0304582926930842
"Zm00001eb255230"	-1.85999159525216	3.10415085040491	0.000821047852430487	0.0304878440502509
"Zm00001eb322670"	1.81065490394301	4.01412120004025	0.000822995286243843	0.0305156094765283
"Zm00001eb244930"	-1.85412030348589	3.21714966374033	0.00083480482247444	0.0309084359016883
"Zm00001eb429290"	-2.39476799472103	0.286129275704401	0.000838318893601197	0.0309934293279652
"Zm00001eb021420"	-2.18051435074165	0.891617880198902	0.000840981459255914	0.0310017455038166
"Zm00001eb135350"	2.16367472150225	0.843803877775303	0.000840981459255914	0.0310017455038166
"Zm00001eb240120"	-1.84841958863836	3.14037733355137	0.000845592525981521	0.0311266157610217
"Zm00001eb345070"	-1.91264930842986	2.32068965184531	0.000847029648425758	0.0311266531421913
"Zm00001eb150750"	2.22447865866853	0.580930121004465	0.000848040990231899	0.0311266531421913
"Zm00001eb396290"	-1.8629174888345	2.87434618822178	0.000852684331167718	0.0311975846544888
"Zm00001eb276850"	-1.85817235485397	3.08734358267643	0.000853498731983958	0.0311975846544888
"Zm00001eb295510"	1.84661837312642	3.1445746664124	0.000853653047630295	0.0311975846544888
"Zm00001eb420080"	-1.96261647669548	1.95482081629994	0.000856297337282369	0.0312493243488011
"Zm00001eb291800"	1.89352197237498	2.32410659732852	0.000861254022388734	0.0313851823975356
"Zm00001eb013680"	-2.61276964457805	-0.0727552160981958	0.000876863779264963	0.0319083077101339
"Zm00001eb017120"	-1.76645548722531	6.50387578452231	0.000882783965136356	0.0320778470531548
"Zm00001eb373100"	-2.062431039042	1.29725692178156	0.000884694700662237	0.0321014185535587
"Zm00001eb115060"	-1.94325720280757	1.86592650316763	0.000893062286461109	0.032358877946474
"Zm00001eb205350"	-2.4350363978751	0.162216977729552	0.000900593978717302	0.0325853605158653
"Zm00001eb409790"	-2.31592795346421	0.364028105610898	0.000907311908333279	0.0327817978698371
"Zm00001eb210480"	-3.26976592996291	-0.914061377419177	0.000913660745371246	0.0329643613039192
"Zm00001eb072660"	-1.80521691211585	3.88045193335703	0.000921750099245668	0.0332091154736725
"Zm00001eb248030"	-1.99579881532469	1.65959900482373	0.000926875024851105	0.0332551053488466
"Zm00001eb408360"	-1.76716302522238	5.69568745070017	0.000927005318904944	0.0332551053488466
"Zm00001eb349060"	-6.77633023295521	-1.61164381595863	0.000929563606818287	0.0332551053488466
"Zm00001eb393370"	-6.77633023295521	-1.61164381595863	0.000929563606818287	0.0332551053488466
"Zm00001eb386130"	-6.77633023295521	-1.61164381595863	0.000929563606818287	0.0332551053488466
"Zm00001eb299250"	-2.14814310714672	0.866158379519405	0.000934290371042568	0.0333772610643803
"Zm00001eb428870"	-2.10985428100339	1.14173991616713	0.000942581189196497	0.0335819997699286
"Zm00001eb323000"	-1.93504315960914	1.85953718446299	0.000944141563960943	0.0335819997699286
"Zm00001eb155090"	-2.7396976246015	-0.20648770877837	0.000944940558778038	0.0335819997699286
"Zm00001eb062750"	-1.81194849150106	3.61962589507253	0.000945302399562386	0.0335819997699286
"Zm00001eb058110"	1.75076794420508	6.95277545195277	0.000961242363138567	0.0341006426064053
"Zm00001eb431010"	1.9234950694401	1.95101908897825	0.00096935929635604	0.0343407006436103
"Zm00001eb046620"	-2.09272910657856	1.19546859033739	0.000975901907445748	0.0344501490219644
"Zm00001eb147990"	-1.89599286215462	2.38692849263378	0.000976009987519493	0.0344501490219644
"Zm00001eb112150"	-1.7879057580849	4.03864953831936	0.000976511929738808	0.0344501490219644
"Zm00001eb158550"	1.89431791447871	2.11524870881209	0.000978040974014874	0.0344563022369008
"Zm00001eb313950"	1.74932860131445	6.49977796414867	0.000980547155266174	0.0344968152715773
"Zm00001eb255850"	-1.81101959989999	3.42963260261213	0.000984513843719155	0.0345885278022658
"Zm00001eb074420"	-2.06438950452582	1.2373993502506	0.00100807677674998	0.035367504680569
"Zm00001eb391720"	-1.79770405021905	3.56626537419	0.00101742853458869	0.0356380495882679
"Zm00001eb046900"	-1.85179649756885	2.77286155426989	0.0010202664331078	0.0356380495882679
"Zm00001eb340960"	-2.87152678054892	-0.384728585935743	0.00102139244180875	0.0356380495882679
"Zm00001eb128840"	-2.87152678054892	-0.384728585935743	0.00102139244180875	0.0356380495882679
"Zm00001eb419900"	-1.79296675489027	3.70569339895034	0.00102345334980146	0.0356394229522788
"Zm00001eb412710"	-1.97232196896266	1.49958321424517	0.00102423408468768	0.0356394229522788
"Zm00001eb305700"	-2.096325292607	1.13111633019218	0.00102974885309391	0.0357653874293619
"Zm00001eb303740"	-1.82016468016824	3.08850898159188	0.0010306663384857	0.0357653874293619
"Zm00001eb222370"	-2.31286012866441	0.489091448243749	0.00103284248224264	0.0357920727225118
"Zm00001eb096870"	-1.74246434455002	6.32050842368511	0.00103427059382045	0.0357927984005675
"Zm00001eb300040"	-1.87645003948283	2.29257105040108	0.00104153117645332	0.0359950910384057
"Zm00001eb420910"	-1.83181922175313	2.92044521430135	0.0010591533035591	0.0365544415594698
"Zm00001eb066100"	-2.02533940015795	1.32710293204898	0.00106915944138674	0.0368140044250419
"Zm00001eb383670"	-1.81732279820231	2.89201626842307	0.00106956869280178	0.0368140044250419
"Zm00001eb333740"	-1.87975616626399	2.26773911782149	0.00107116519267741	0.0368191322174901
"Zm00001eb324500"	-1.73514819822239	6.43067631995901	0.00107927105336351	0.03704473552577
"Zm00001eb083650"	2.11335555560865	0.872478769799327	0.00108064136499927	0.03704473552577
"Zm00001eb127150"	-1.85131767931568	2.49868087845102	0.00109321232520346	0.0374252337871808
"Zm00001eb034520"	-2.05169390019193	1.2274667583274	0.0010956372471986	0.0374578347039565
"Zm00001eb291280"	-3.10912710116446	-0.553087650025329	0.00110412940906293	0.0376469646768428
"Zm00001eb429720"	2.70311547288851	-0.604522848957436	0.00110412940906293	0.0376469646768428
"Zm00001eb400920"	-2.1563286601285	0.784714134207156	0.00111043297699095	0.0378112091067493
"Zm00001eb318970"	2.21294295178686	0.38729150085951	0.00111711675033318	0.0379480568449836
"Zm00001eb043150"	-1.87352792797556	2.26291533769049	0.00111743570439113	0.0379480568449836
"Zm00001eb371160"	-2.08266823309281	1.12041229089855	0.00112540957350098	0.0381678905487612
"Zm00001eb029410"	-1.86417892101543	2.28307362233648	0.00113197117075649	0.0382883227385133
"Zm00001eb100900"	-1.86417892101543	2.28307362233648	0.00113197117075649	0.0382883227385133
"Zm00001eb271120"	-1.79001526671592	3.24982552445739	0.00113995873167577	0.0385072912336056
"Zm00001eb400550"	-1.80491598029892	3.09180623577835	0.00114425669145012	0.0385719264371196
"Zm00001eb081690"	-1.95015728944106	1.66831752127996	0.00114490503459763	0.0385719264371196
"Zm00001eb236840"	-1.73868885222139	4.98015345737687	0.00115629317866324	0.0388475956067454
"Zm00001eb290230"	-2.70504752284171	-0.234123842187095	0.00115919661367824	0.0388475956067454
"Zm00001eb326990"	-2.70504752284171	-0.234123842187095	0.00115919661367824	0.0388475956067454
"Zm00001eb219530"	2.56015919441614	-0.277415347317867	0.00115919661367824	0.0388475956067454
"Zm00001eb069400"	-2.4553761615806	0.00310829065926955	0.00116123393094644	0.0388646661415179
"Zm00001eb107900"	1.75741246642992	3.92068239247657	0.00117291825762897	0.0391613714585693
"Zm00001eb074140"	-1.96552460149946	1.59029341275344	0.00117317837126238	0.0391613714585693
"Zm00001eb142370"	1.79910742355077	2.94320905669062	0.00117657699789263	0.0392233453714246
"Zm00001eb323930"	-1.74238758574547	4.56968490281036	0.00118325452263182	0.0393106727971145
"Zm00001eb125980"	-1.71950070349506	6.62066977539726	0.00118432566464637	0.0393106727971145
"Zm00001eb110420"	2.8462010736656	-0.776708901742659	0.00118540603936433	0.0393106727971145
"Zm00001eb047040"	2.8462010736656	-0.776708901742659	0.00118540603936433	0.0393106727971145
"Zm00001eb053440"	-1.82650594100531	2.63336844992513	0.0011872947809863	0.0393106727971145
"Zm00001eb324070"	-1.92747353689971	1.7353622642958	0.00118856884603658	0.0393106727971145
"Zm00001eb397980"	-1.72455806347558	5.80538194628759	0.00119001486294143	0.0393106727971145
"Zm00001eb319280"	-2.09364102994	0.90623674053305	0.0011972722979945	0.0394991156573127
"Zm00001eb269260"	-1.87103342862325	2.05309170529704	0.00120198108880682	0.0396030971177336
"Zm00001eb387520"	-1.7430276165927	4.33325005325453	0.00120604703056841	0.0396856562348488
"Zm00001eb242120"	-1.88088205116132	2.15350561936611	0.00120978982694836	0.0397289846135461
"Zm00001eb323760"	-1.73135782538048	5.00161594937325	0.00121263221954362	0.0397289846135461
"Zm00001eb375830"	-3.875332176797	-1.22044507707812	0.00121361145796215	0.0397289846135461
"Zm00001eb034460"	-3.875332176797	-1.22044507707812	0.00121361145796215	0.0397289846135461
"Zm00001eb220420"	-1.80622938783957	2.81241129699343	0.00122651641515344	0.0400934211345409
"Zm00001eb192350"	-1.77483319584284	3.34099477608183	0.00122789648780497	0.0400934211345409
"Zm00001eb002660"	-2.25070117776532	0.556966267500233	0.00123695378164448	0.0403373799870628
"Zm00001eb396420"	-3.21120243846399	-0.960033153699438	0.00124264171747192	0.0404709791621201
"Zm00001eb198440"	-1.78364086847256	3.01419452091454	0.00125124974383585	0.0406548893617619
"Zm00001eb040580"	2.39179492289025	0.0679522271042611	0.00125352229736345	0.0406548893617619
"Zm00001eb330490"	2.39179492289025	0.0679522271042611	0.00125352229736345	0.0406548893617619
"Zm00001eb100380"	-1.81364128129126	2.53757607252615	0.00125468187407545	0.0406548893617619
"Zm00001eb070340"	-2.8321474288386	-0.416126464118645	0.00127698825939341	0.0412725201600137
"Zm00001eb093710"	-2.8321474288386	-0.416126464118645	0.00127698825939341	0.0412725201600137
"Zm00001eb022630"	-1.76764732123141	3.41981311024572	0.00127964710512338	0.041285509994943
"Zm00001eb138700"	-2.54883557778688	-0.123457544526149	0.00128063639668226	0.041285509994943
"Zm00001eb359320"	1.73727070548437	3.94465374629231	0.00129536372663473	0.0417074325957988
"Zm00001eb377260"	-1.7181870094907	5.05159390089302	0.00131454637251332	0.0422380491058369
"Zm00001eb355980"	-1.96367229469494	1.541659897812	0.00131516491947723	0.0422380491058369
"Zm00001eb266190"	1.7669119672251	3.18687651677232	0.00133616263193052	0.042858301016122
"Zm00001eb269500"	-1.83303656872322	2.25904953329857	0.00133843517335868	0.0428771247727348
"Zm00001eb155860"	1.7197298970376	4.52789314018343	0.00134853440881631	0.0431463160033356
"Zm00001eb020170"	-1.70788898155773	5.38293553215968	0.00135307962836713	0.0432373535516912
"Zm00001eb014050"	1.70902024971855	5.17091823452323	0.00135820463562041	0.0433211032926751
"Zm00001eb261260"	-1.70272686622709	5.82752928123858	0.00136041808161182	0.0433211032926751
"Zm00001eb233050"	-1.89476964029218	1.75057564500471	0.00136080993595091	0.0433211032926751
"Zm00001eb014090"	-1.84473568065624	2.21275668908926	0.00136840323185691	0.0435083807568904
"Zm00001eb112260"	-1.71385964846715	4.7781298657435	0.00137425686679208	0.0436399471457221
"Zm00001eb369000"	-1.73898055635947	3.89724892242705	0.00137885161455197	0.0437312589373366
"Zm00001eb323070"	-1.84913396574052	2.03620859207755	0.00139067710273805	0.0439746118234988
"Zm00001eb059310"	1.75619799594671	3.27553166636788	0.00139090235545663	0.0439746118234988
"Zm00001eb142630"	-1.70715598986258	5.17317260685485	0.00139171105983317	0.0439746118234988
"Zm00001eb258400"	-1.82959328967288	2.36100693581565	0.00140385482392867	0.0443032894558929
"Zm00001eb281630"	-1.99976388481125	1.18702372344679	0.00140951088638044	0.0443316738063736
"Zm00001eb348840"	-1.94567058438164	1.37606165669381	0.00140977261604554	0.0443316738063736
"Zm00001eb238870"	-2.24453771735206	0.308045336652231	0.00141172573451654	0.0443316738063736
"Zm00001eb352140"	-2.21993374800334	0.288876741749098	0.00141172573451654	0.0443316738063736
"Zm00001eb071830"	1.70179452973877	5.22423125139595	0.0014245549792318	0.0446793840342046
"Zm00001eb319620"	-1.75183785723775	3.29832492798679	0.00143339412117743	0.0449012473722526
"Zm00001eb329370"	-2.17625032915688	0.606449997052236	0.00145800702552592	0.0456160722032931
"Zm00001eb334140"	1.71573524966348	4.05825923111548	0.00145998413267138	0.0456218137575297
"Zm00001eb238030"	-1.71240766813092	4.35210069925733	0.00146335310059798	0.0456709809408714
"Zm00001eb022860"	-1.83143033325591	2.05419220543144	0.00147552452973418	0.0459167853920889
"Zm00001eb030170"	1.74470577277144	3.26673043497358	0.00148190614154661	0.0459167853920889
"Zm00001eb417730"	-2.3527907002126	0.0974692914071538	0.00148194027869277	0.0459167853920889
"Zm00001eb018070"	-2.3527907002126	0.0974692914071538	0.00148194027869277	0.0459167853920889
"Zm00001eb352420"	-2.3527907002126	0.0974692914071538	0.00148194027869277	0.0459167853920889
"Zm00001eb052520"	-1.72661891677514	3.89604355249096	0.00148206010406137	0.0459167853920889
"Zm00001eb107320"	-1.94269571842108	1.31944100992548	0.0014943998244508	0.0462427663439543
"Zm00001eb185570"	-1.72481150544467	3.77459213660617	0.0015001226406396	0.0463235474476029
"Zm00001eb067590"	-1.73026491718156	3.73333330055545	0.00150065274008589	0.0463235474476029
"Zm00001eb283900"	-2.12821026560148	0.66914219953313	0.00150694946345189	0.0464615352149844
"Zm00001eb216820"	-2.02762034445942	0.933032160335218	0.00151020273738811	0.046505468315017
"Zm00001eb166450"	-1.67774331015774	7.11148846406332	0.00151924712538814	0.0466999223106008
"Zm00001eb427030"	-1.93400182766818	1.36704897560558	0.0015201893250974	0.0466999223106008
"Zm00001eb143540"	1.70017961936724	4.41543440371236	0.00153346241807039	0.0470508444704927
"Zm00001eb366460"	1.74173633447462	3.12236257763768	0.00153766785825903	0.0471230357140684
"Zm00001eb086700"	1.67722214475414	6.31817785682541	0.00154781780211071	0.047331411178584
"Zm00001eb110240"	-1.72179703274449	3.68946549618882	0.00154970588957658	0.047331411178584
"Zm00001eb009600"	-1.86318087100847	1.76563294419033	0.0015504324290759	0.047331411178584
"Zm00001eb135440"	-2.51577368485605	-0.149514717910918	0.00155191055680685	0.047331411178584
"Zm00001eb080540"	1.71068891038575	3.78850088670987	0.00155868753564839	0.0474449103989578
"Zm00001eb119200"	-1.81852059587611	2.19259667551436	0.00155936252136848	0.0474449103989578
"Zm00001eb150790"	-2.26732435743072	0.186022626580561	0.00156537573835991	0.0475709644933366
"Zm00001eb054130"	-1.72374154647129	3.4435627441009	0.00157992251730014	0.0478460789971443
"Zm00001eb159470"	-1.72374154647129	3.4435627441009	0.00157992251730014	0.0478460789971443
"Zm00001eb086310"	-1.78992358807375	2.56293843929693	0.00158007180207585	0.0478460789971443
"Zm00001eb055810"	-2.20955969216378	0.524663965039127	0.00159717020447818	0.0481835174456366
"Zm00001eb384750"	-1.72417280886505	3.42122500280815	0.0015994645832242	0.0481835174456366
"Zm00001eb231470"	-2.7916629550825	-0.448246030874303	0.00160068690995294	0.0481835174456366
"Zm00001eb319980"	-2.7916629550825	-0.448246030874303	0.00160068690995294	0.0481835174456366
"Zm00001eb337190"	-2.7916629550825	-0.448246030874303	0.00160068690995294	0.0481835174456366
"Zm00001eb017760"	1.71658852244512	3.49330840123648	0.00161064870056456	0.0484260760609459
"Zm00001eb173980"	-1.79490813504073	2.40810862536902	0.00161272761675772	0.0484313337188304
"Zm00001eb250960"	-1.75273545123669	2.91012781423648	0.00162191014105769	0.0486496537121976
"Zm00001eb099160"	-2.02815549110398	0.855366770497806	0.00163328425829279	0.0489331194274856
"Zm00001eb182560"	-1.85425537853325	1.75877633040902	0.00164351411724339	0.0491816765720035
"Zm00001eb371470"	2.3637714806552	-0.0961931852281758	0.0016607142849869	0.0496379888988564
"Zm00001eb429420"	-1.97308066823552	1.16635986738658	0.00167008784949202	0.0498581639658521
"Zm00001eb131090"	-1.68769455365071	4.43663027771004	0.00167200085952476	0.0498581639658521
"Zm00001eb304780"	-1.82213795414125	1.98317633191796	0.00167794778596366	0.0499769085290065
"Zm00001eb308860"	-1.74358088877975	2.93582839835563	0.00168047014052449	0.0499934953150655
