GeneID	C_6_Susc	T_6_Susc	C_24_Susc	T_24_Susc	C_6_Tol	T_6_Tol	C_24_Tol	T_24_Tol
Zm00001eb411380	226039	317923	213859	257123	7982	10964	14490	9987
Zm00001eb312080	25108	10981	10274	10266	924	787	551	582
Zm00001eb429750	24040	16709	13813	17838	3724	2104	2479	1545
Zm00001eb137280	16933	7602	12687	9007	222	249	176	58
Zm00001eb040190	9040	5339	4051	4590	443	481	374	187
Zm00001eb414390	8630	4229	6013	2933	607	250	1054	33
Zm00001eb087960	8485	450	13779	7175	14947	1973	22759	16065
Zm00001eb378280	8198	1564	6893	446	4940	1704	5806	818
Zm00001eb116160	8161	5210	5658	4928	680	551	885	358
Zm00001eb273940	8042	3372	3928	2769	224	104	148	56
Zm00001eb411520	7585	8406	3386	5619	50	60	49	67
Zm00001eb356910	5882	619	117	3640	5836	1075	215	10499
Zm00001eb272050	5706	5221	3542	3597	59187	25182	55858	35892
Zm00001eb320890	5702	614	7650	1754	8375	1200	6788	2650
Zm00001eb055490	5392	3563	4462	3437	175	208	258	144
Zm00001eb269960	4805	3990	2411	2386	283	427	240	101
Zm00001eb411430	4804	6765	5968	5769	198	667	424	1068
Zm00001eb411000	4372	3797	3511	3756	317	286	257	283
Zm00001eb422590	4303	5185	5164	4863	0	21	0	0
Zm00001eb221790	4046	6131	5156	5359	5	0	2	212
Zm00001eb321830	3863	4100	3477	3000	124	104	175	96
Zm00001eb008080	3849	3093	1969	2744	732	308	503	218
Zm00001eb122110	3804	1354	108	1445	3010	775	86	1496
Zm00001eb141910	3716	3679	4232	5032	876	767	1186	441
Zm00001eb089110	3387	3908	1264	3694	142	71	67	8
Zm00001eb391660	3226	4720	3276	5162	619	1160	570	250
Zm00001eb115210	3219	4134	2311	4320	0	0	0	0
Zm00001eb000660	3153	364	337	656	210	131	275	77
Zm00001eb021600	2942	2100	1982	2840	33	23	61	69
Zm00001eb097880	2572	1664	1491	3496	665	342	741	208
Zm00001eb106430	2568	245	4934	418	2320	350	6285	783
Zm00001eb217970	2474	245	764	234	921	167	681	211
Zm00001eb198150	2454	1566	1692	1275	15	23	173	31
Zm00001eb280930	2304	541	2581	205	286	91	587	94
Zm00001eb017590	2281	1499	1763	976	57	28	75	25
Zm00001eb242800	2220	1522	1527	2223	119	83	126	200
Zm00001eb221740	2214	3306	1957	2731	48	82	33	26
Zm00001eb015860	2119	2029	2374	1340	77	157	140	81
Zm00001eb280200	2112	2200	2374	1618	148	317	381	262
Zm00001eb335560	2107	3082	1331	1518	390	775	353	87
Zm00001eb384740	2087	356	2114	51	1292	462	2901	130
Zm00001eb077780	2070	2328	2233	1971	13	4	1	3
Zm00001eb396520	2049	104	182	753	1666	142	173	1061
Zm00001eb330540	2035	83	151	120	1244	396	237	115
Zm00001eb159020	1863	460	4209	512	946	9	2701	1476
Zm00001eb232210	1844	1560	1750	1060	4	3	30	68
Zm00001eb089190	1751	1881	814	1787	277	307	160	136
Zm00001eb021470	1744	1031	1421	2579	38	128	53	39
Zm00001eb276150	1720	618	1435	872	153	86	125	24
Zm00001eb319590	1692	4883	396	2227	1359	3841	270	2024
Zm00001eb295010	1671	1601	187	2015	1440	2833	481	2594
Zm00001eb416170	1667	1040	1007	665	32	21	25	15
Zm00001eb011990	1598	1198	1871	1064	1	71	0	32
Zm00001eb065120	1592	185	723	306	946	164	876	343
Zm00001eb141640	1511	1251	1327	733	5	2	2	2
Zm00001eb156130	1464	1085	2654	549	117	153	189	176
Zm00001eb089130	1423	1275	890	1287	160	119	198	58
Zm00001eb292260	1415	1174	791	1265	109	166	143	56
Zm00001eb238830	1396	2271	1197	1553	0	0	0	0
Zm00001eb113780	1380	120	21	633	696	51	10	300
Zm00001eb023420	1365	419	2686	194	1736	1219	2521	327
Zm00001eb099760	1361	800	1037	352	12	13	17	13
Zm00001eb040350	1345	318	299	369	26	29	36	8
Zm00001eb388510	1341	140	2202	607	1711	292	3918	1177
Zm00001eb266530	1334	1374	2169	715	2	2	0	0
Zm00001eb099740	1329	734	1036	423	9	1	6	0
Zm00001eb413300	1319	429	1150	355	4840	4133	11106	4964
Zm00001eb035520	1312	1716	1486	1148	10	18	45	21
Zm00001eb364840	1285	1257	1281	922	0	41	0	2
Zm00001eb205630	1254	2158	1892	1541	67	117	218	156
Zm00001eb078660	1240	479	624	639	23	21	66	6
Zm00001eb405910	1219	1096	1376	1460	67	74	66	73
Zm00001eb259830	1178	617	448	455	0	0	0	0
Zm00001eb011820	1155	134	155	1440	581	158	105	1768
Zm00001eb362170	1096	2646	2426	994	32	125	89	58
Zm00001eb168100	1069	108	1121	272	1588	270	2450	777
Zm00001eb016800	1062	1050	353	2756	625	859	457	1847
Zm00001eb410980	1057	945	1160	710	1	0	0	0
Zm00001eb229190	1056	9	120	227	2001	25	1975	1948
Zm00001eb157760	1046	680	1046	401	2	1	2	4
Zm00001eb304540	1019	1330	568	928	11817	15022	15282	16750
Zm00001eb238870	1011	1002	950	601	57	31	59	10
Zm00001eb088020	978	42	1393	724	2338	263	3183	2080
Zm00001eb316870	966	150	2171	161	900	315	3114	389
Zm00001eb100200	964	172	353	79	1	2	0	0
Zm00001eb354110	955	848	1026	468	40	72	55	35
Zm00001eb267220	948	978	1111	612	0	0	1	0
Zm00001eb029940	948	710	625	1061	0	3	1	0
Zm00001eb141650	943	735	733	442	0	3	0	0
Zm00001eb381280	937	38	120	4	223	68	283	7
Zm00001eb293030	925	705	766	399	4	0	0	14
Zm00001eb425130	894	474	101	641	430	554	85	759
Zm00001eb036780	883	1040	618	367	108	59	91	47
Zm00001eb392900	870	1061	865	879	3	0	1	8
Zm00001eb252990	857	331	410	383	27	66	31	26
Zm00001eb264260	846	634	1715	1301	153	116	198	51
Zm00001eb000380	841	365	1543	216	855	765	3149	203
Zm00001eb071080	839	1209	388	463	6	13	5	6
Zm00001eb099770	833	449	505	240	1	0	0	0
Zm00001eb419160	831	446	682	348	33	23	18	44
Zm00001eb351790	825	1193	8642	508	409	572	1725	524
Zm00001eb415430	816	1381	1024	312	0	0	0	0
Zm00001eb200030	814	1037	604	683	42	133	103	37
Zm00001eb210320	813	688	895	461	0	0	0	5
Zm00001eb112260	806	84	1015	203	824	95	1312	324
Zm00001eb240910	804	223	342	323	507	38	254	377
Zm00001eb151310	800	483	636	508	122	63	110	34
Zm00001eb290230	793	937	781	756	15	16	41	5
Zm00001eb326810	783	1155	636	1477	93	110	72	65
Zm00001eb048560	779	33	64	292	155	27	57	67
Zm00001eb113900	778	554	672	452	34	50	82	23
Zm00001eb413120	776	79	370	104	75	6	133	46
Zm00001eb138650	774	152	5004	453	1362	326	7042	1438
Zm00001eb200730	773	857	676	590	29	42	37	16
Zm00001eb170770	756	62	106	449	18	4	13	9
Zm00001eb362750	755	70	196	132	1	0	1	5
Zm00001eb122840	733	535	938	438	77	23	117	14
Zm00001eb348840	730	557	463	439	57	50	124	26
Zm00001eb248980	714	418	659	299	19	53	25	46
Zm00001eb214420	705	2739	657	4779	543	2491	530	2445
Zm00001eb131820	685	640	704	595	21	11	30	24
Zm00001eb114330	684	187	186	74	43	20	35	25
Zm00001eb067380	682	60	567	94	710	7	2257	379
Zm00001eb084380	656	255	122	202	0	0	0	0
Zm00001eb410960	646	447	619	366	1	0	0	0
Zm00001eb274020	644	404	740	234	3	5	4	1
Zm00001eb266690	641	617	836	613	147	53	68	73
Zm00001eb410970	640	747	580	600	0	0	0	0
Zm00001eb101820	636	403	538	286	12	28	15	43
Zm00001eb243650	631	759	628	668	50	67	84	42
Zm00001eb302390	627	447	483	303	44	21	49	23
Zm00001eb336580	622	63	2164	131	1092	165	3376	541
Zm00001eb135130	616	97	46	263	357	122	64	664
Zm00001eb173900	610	641	834	857	95	172	90	35
Zm00001eb109440	605	202	50	940	581	347	144	1239
Zm00001eb072600	605	316	337	147	50	14	59	18
Zm00001eb031210	601	213	24	1049	1378	566	103	1924
Zm00001eb377330	593	417	825	275	12	39	32	26
Zm00001eb138580	593	366	498	230	33	54	41	22
Zm00001eb044100	588	582	569	399	8	5	7	2
Zm00001eb203250	586	445	516	169	0	0	6	0
Zm00001eb121740	582	792	789	792	36	55	63	50
Zm00001eb247910	578	499	460	328	6	0	2	7
Zm00001eb121720	576	562	530	310	27	50	42	30
Zm00001eb231210	574	174	1541	92	682	473	1583	350
Zm00001eb302980	571	979	874	926	74	81	144	48
Zm00001eb138510	562	45	58	68	791	284	70	77
Zm00001eb235080	556	575	517	479	0	5	0	0
Zm00001eb139500	555	35	170	9	4	0	10	2
Zm00001eb170470	548	542	397	171	12	21	19	10
Zm00001eb099750	547	306	358	160	22	17	30	17
Zm00001eb091100	541	510	569	390	4	8	6	8
Zm00001eb172450	540	5795	7204	3616	573	4783	5869	3381
Zm00001eb293720	535	725	590	388	12	7	0	9
Zm00001eb428590	534	554	768	453	23	34	53	27
Zm00001eb209990	533	332	1663	105	7	12	19	17
Zm00001eb054330	531	451	518	305	0	8	2	3
Zm00001eb029530	522	703	570	217	19	170	124	38
Zm00001eb401360	520	660	600	382	59	55	48	72
Zm00001eb205090	520	405	542	311	0	9	6	0
Zm00001eb244450	518	497	329	441	11	49	54	47
Zm00001eb418340	516	292	135	997	3045	1746	1618	1554
Zm00001eb006310	509	247	18	802	258	181	31	1283
Zm00001eb405180	504	233	308	213	20	2	2	2
Zm00001eb357740	500	6	1755	114	785	8	1546	351
Zm00001eb069320	496	107	692	65	1012	139	1766	46
Zm00001eb072130	491	346	303	233	2	1	1	0
Zm00001eb129840	481	259	475	168	3	1	1	5
Zm00001eb210970	481	308	378	143	7	7	8	5
Zm00001eb385700	480	431	215	93	3180	4618	1739	1861
Zm00001eb139740	476	168	59	517	333	186	89	278
Zm00001eb073390	470	395	416	148	2	0	4	0
Zm00001eb197600	469	1037	873	799	86	80	112	47
Zm00001eb058060	469	308	1009	167	135	148	94	54
Zm00001eb380570	464	241	270	152	0	0	0	0
Zm00001eb379020	462	932	728	363	48	58	62	27
Zm00001eb058070	457	199	978	97	24	65	68	29
Zm00001eb343950	451	452	605	529	5994	6672	7477	5374
Zm00001eb330390	448	444	554	496	8	4	17	31
Zm00001eb217940	448	395	337	237	3	4	13	15
Zm00001eb198620	443	48	1269	409	338	34	539	294
Zm00001eb009940	441	97	233	101	40	34	168	2
Zm00001eb197290	431	572	376	350	43	57	36	19
Zm00001eb015770	428	190	746	175	14	35	72	61
Zm00001eb244990	428	233	276	419	24	31	91	16
Zm00001eb405250	419	325	350	239	34	31	19	22
Zm00001eb350330	419	254	366	153	7	3	3	1
Zm00001eb071630	415	360	485	244	2	9	19	2
Zm00001eb360420	415	241	566	219	0	0	0	2
Zm00001eb047770	413	355	366	289	5	8	7	7
Zm00001eb087970	413	294	368	171	2	0	1	1
Zm00001eb153310	413	184	261	129	5	9	3	11
Zm00001eb325280	411	231	459	260	51	21	64	5
Zm00001eb046710	411	167	254	125	0	0	0	1
Zm00001eb137370	407	912	488	155	5570	5382	7064	2789
Zm00001eb299760	399	18	1117	73	927	107	1784	298
Zm00001eb055380	399	39	67	28	280	97	101	79
Zm00001eb070630	396	279	365	114	0	0	0	0
Zm00001eb198090	389	328	404	236	18	13	19	9
Zm00001eb078530	388	376	332	329	0	4	2	3
Zm00001eb316330	384	454	400	295	0	0	0	0
Zm00001eb144350	379	176	404	250	1139	1036	1885	3623
Zm00001eb007550	377	298	296	167	0	0	0	3
Zm00001eb307870	374	298	517	196	1	0	0	0
Zm00001eb238130	373	215	207	252	0	0	0	0
Zm00001eb404170	373	23	242	94	10	4	11	0
Zm00001eb260010	372	186	407	27	65	261	174	45
Zm00001eb412650	372	164	286	126	15	6	6	2
Zm00001eb225440	366	194	561	90	599	290	834	52
Zm00001eb090060	363	203	321	247	0	0	0	0
Zm00001eb322330	362	410	315	195	2	14	0	0
Zm00001eb358190	359	220	342	142	0	8	1	2
Zm00001eb371040	356	515	414	379	1	4	2	4
Zm00001eb116670	356	352	233	271	14	12	7	1
Zm00001eb051100	356	252	422	135	0	0	0	0
Zm00001eb018040	352	52	485	55	93	6	213	29
Zm00001eb333720	351	366	366	180	0	0	1	0
Zm00001eb393510	349	236	275	305	0	1	5	0
Zm00001eb164960	346	19	45	4	236	187	590	26
Zm00001eb405160	342	167	211	195	47	1	2	4
Zm00001eb065210	341	1	16	24	811	33	731	610
Zm00001eb382720	337	311	483	236	4	5	27	2
Zm00001eb032280	334	42	336	30	584	146	776	24
Zm00001eb251130	328	174	463	26	457	425	523	183
Zm00001eb083940	328	461	334	298	13	6	7	7
Zm00001eb354700	327	148	144	230	59	19	52	11
Zm00001eb210290	325	471	254	423	0	0	0	0
Zm00001eb006600	322	343	278	198	1	2	0	4
Zm00001eb000060	318	221	300	131	0	0	0	0
Zm00001eb112110	318	167	257	94	1	0	0	0
Zm00001eb032580	317	126	395	31	30	36	154	17
Zm00001eb117200	314	263	360	188	0	0	0	6
Zm00001eb318600	314	88	116	291	2	0	3	3
Zm00001eb325410	303	47	918	82	636	60	1532	142
Zm00001eb312750	302	275	340	167	3	1	4	4
Zm00001eb326260	302	188	163	115	8	6	23	13
Zm00001eb283460	302	9	172	12	83	7	6	3
Zm00001eb089370	299	272	272	222	13	9	21	17
Zm00001eb323420	298	604	282	300	76	116	46	11
Zm00001eb202810	298	216	300	176	0	0	0	0
Zm00001eb386080	295	114	68	21	861	2617	3115	1372
Zm00001eb112120	292	152	280	78	0	0	0	0
Zm00001eb373820	291	237	146	165	6	12	6	1
Zm00001eb099780	290	204	153	173	7	0	7	0
Zm00001eb102510	289	883	636	38	44	239	80	25
Zm00001eb123400	287	24	127	38	304	23	84	199
Zm00001eb171250	286	207	209	236	9	21	0	0
Zm00001eb256520	283	69	23	200	116	75	26	204
Zm00001eb253580	281	260	1836	193	170	163	1731	114
Zm00001eb124620	281	877	656	219	12	64	16	69
Zm00001eb334350	277	200	252	117	0	0	0	0
Zm00001eb266210	277	163	285	78	0	0	0	0
Zm00001eb201580	276	30	6	208	291	66	9	295
Zm00001eb408170	275	142	272	189	3	1	0	0
Zm00001eb297470	272	242	274	190	14	21	18	20
Zm00001eb368850	269	229	391	102	24	10	21	18
Zm00001eb284350	268	82	33	1214	155	247	166	811
Zm00001eb194880	267	616	491	450	7	9	9	11
Zm00001eb404890	264	140	165	297	7	5	16	13
Zm00001eb372580	263	500	210	205	1	3	1	12
Zm00001eb127540	260	152	229	69	4	3	4	0
Zm00001eb334340	259	170	271	109	0	0	0	0
Zm00001eb132400	258	162	106	153	6	1	0	1
Zm00001eb063260	258	131	135	143	1	4	0	1
Zm00001eb177760	257	196	227	139	7	14	16	9
Zm00001eb326840	257	59	65	124	15	24	20	12
Zm00001eb146150	256	198	338	159	0	0	0	0
Zm00001eb137300	255	283	256	258	0	0	2	0
Zm00001eb256120	254	455	777	52	429	1100	1144	175
Zm00001eb120230	254	313	298	240	17	18	28	13
Zm00001eb207300	254	248	208	186	0	1	6	8
Zm00001eb349890	253	266	284	329	1	2	3	2
Zm00001eb228500	253	43	195	202	1	6	19	9
Zm00001eb287790	252	35	2813	74	130	22	907	39
Zm00001eb070270	249	16	38	29	404	373	303	573
Zm00001eb072110	249	189	261	132	4	0	0	0
Zm00001eb344610	247	295	279	170	2	0	0	0
Zm00001eb051930	247	189	281	183	0	0	4	3
Zm00001eb392430	247	160	150	167	43	16	67	6
Zm00001eb271830	246	241	225	177	6	5	14	12
Zm00001eb006490	245	702	508	282	1	0	0	0
Zm00001eb004900	245	299	190	154	0	0	0	0
Zm00001eb343560	244	165	247	80	0	0	1	0
Zm00001eb166200	243	320	389	110	3	5	37	0
Zm00001eb380870	243	202	180	90	0	0	0	0
Zm00001eb106380	243	42	64	34	104	35	110	5
Zm00001eb063350	241	306	366	266	7	12	9	19
Zm00001eb421000	240	190	239	113	2	5	3	6
Zm00001eb237530	239	594	431	532	7	6	15	19
Zm00001eb063830	239	162	173	73	0	0	0	0
Zm00001eb269380	238	190	251	135	0	0	0	0
Zm00001eb321950	237	167	158	76	0	0	0	0
Zm00001eb051940	236	284	220	148	0	0	3	1
Zm00001eb189350	236	129	325	42	8	2	6	6
Zm00001eb094640	232	179	204	194	0	0	0	2
Zm00001eb210240	231	201	266	130	0	0	0	0
Zm00001eb107960	231	193	239	87	1	0	0	1
Zm00001eb189910	230	226	272	145	17	7	3	4
Zm00001eb078450	230	79	323	54	0	1	1	0
Zm00001eb339560	230	115	213	48	9	1	5	10
Zm00001eb329050	229	67	203	95	1478	982	922	781
Zm00001eb380440	229	287	362	243	11	8	21	5
Zm00001eb044280	229	257	227	173	0	0	4	1
Zm00001eb204960	228	14	14	4	12	1	4	4
Zm00001eb370870	226	349	94	799	190	1188	40	367
Zm00001eb394690	224	211	383	352	36	54	71	22
Zm00001eb318460	224	189	211	108	1	1	0	0
Zm00001eb419170	224	135	121	84	0	0	1	0
Zm00001eb340550	222	14	312	2	229	40	574	20
Zm00001eb162710	220	1170	398	108	82	69	71	5
Zm00001eb000270	219	247	166	115	0	0	0	4
Zm00001eb308510	217	270	271	204	26	21	23	23
Zm00001eb261620	217	65	227	28	5	11	30	1
Zm00001eb166920	216	89	298	96	10	7	41	16
Zm00001eb348380	215	322	274	344	5	1	0	0
Zm00001eb116790	215	253	165	168	0	0	0	0
Zm00001eb129500	215	213	222	139	6	0	0	0
Zm00001eb047350	215	99	59	86	0	0	0	0
Zm00001eb119280	214	161	125	253	2401	1363	3048	1045
Zm00001eb164570	214	194	174	103	0	0	0	0
Zm00001eb168980	214	16	115	17	14	11	14	0
Zm00001eb037190	212	259	222	117	0	0	4	6
Zm00001eb409130	211	150	249	101	0	0	0	0
Zm00001eb234840	210	188	283	175	0	1	2	0
Zm00001eb046720	209	96	94	201	0	0	0	0
Zm00001eb410710	208	89	211	43	183	92	458	32
Zm00001eb272210	207	151	168	140	0	0	0	0
Zm00001eb213310	205	311	1266	468	2	6	2	3
Zm00001eb301390	205	208	202	138	0	0	0	0
Zm00001eb026240	203	155	205	108	5	1	0	0
Zm00001eb197000	202	137	108	63	1	0	1	2
Zm00001eb069550	200	202	179	101	2	0	0	0
Zm00001eb416960	198	253	297	140	14	28	24	34
Zm00001eb273400	198	220	186	173	2	0	0	0
Zm00001eb015410	197	262	196	163	2	2	0	3
Zm00001eb341700	197	206	193	114	0	0	3	3
Zm00001eb283920	196	120	193	44	1	0	0	0
Zm00001eb266220	196	124	162	67	0	1	0	0
Zm00001eb306340	196	57	130	103	1	0	0	0
Zm00001eb266820	194	67	127	38	2534	3950	7096	8813
Zm00001eb227270	194	168	222	108	0	0	5	0
Zm00001eb433640	193	48	9	187	241	140	51	763
Zm00001eb277660	193	113	379	33	153	42	233	11
Zm00001eb107950	193	150	149	98	0	0	0	0
Zm00001eb411500	192	117	146	58	0	4	5	1
Zm00001eb090120	191	84	104	156	2	3	0	0
Zm00001eb309690	191	76	104	58	1	2	0	1
Zm00001eb285480	190	143	199	302	4	31	31	29
Zm00001eb270960	190	217	153	104	34	10	26	4
Zm00001eb113150	189	280	187	226	5	1	10	3
Zm00001eb209630	189	104	163	102	0	0	0	0
Zm00001eb336510	189	93	197	60	4	0	0	0
Zm00001eb148090	188	224	209	210	4	1	0	4
Zm00001eb305770	188	105	218	92	2	0	0	0
Zm00001eb118990	187	336	397	238	13	12	41	20
Zm00001eb072170	186	130	113	122	5	0	1	0
Zm00001eb411280	185	84	56	65	1	0	0	0
Zm00001eb334540	185	15	40	2	33	21	19	1
Zm00001eb055950	184	238	168	331	52	81	38	18
Zm00001eb107240	184	90	124	209	7	23	3	22
Zm00001eb076020	184	147	128	112	7	12	16	12
Zm00001eb263070	183	54	92	43	9	4	13	2
Zm00001eb058890	182	264	185	173	0	1	2	0
Zm00001eb259720	182	116	169	119	0	0	0	0
Zm00001eb302380	181	177	270	108	0	0	0	0
Zm00001eb169170	180	186	159	102	6	0	1	6
Zm00001eb101660	178	24	612	61	226	17	530	53
Zm00001eb153570	178	6	19	96	34	4	8	24
Zm00001eb112080	177	233	70	158	15	9	5	1
Zm00001eb064170	177	164	145	110	6	9	19	6
Zm00001eb145040	177	144	154	110	2	1	0	0
Zm00001eb004890	175	181	156	152	0	0	0	0
Zm00001eb294750	175	120	141	75	2	0	0	1
Zm00001eb018270	174	164	71	186	68	81	38	2
Zm00001eb114340	174	90	115	82	4	14	5	6
Zm00001eb339570	172	94	154	74	0	0	0	0
Zm00001eb228670	171	3040	6414	1769	151	2624	5715	1793
Zm00001eb139830	170	29	5	145	115	86	16	297
Zm00001eb084880	169	90	151	58	2	1	1	1
Zm00001eb098760	168	211	187	123	14	14	7	7
Zm00001eb185380	168	91	103	56	2	3	0	0
Zm00001eb359020	166	163	112	100	0	0	1	0
Zm00001eb149500	166	10	6	69	127	26	21	84
Zm00001eb009050	165	139	227	88	2	6	8	2
Zm00001eb106410	165	15	22	1	47	30	53	5
Zm00001eb154410	164	155	228	162	30	28	52	6
Zm00001eb096620	164	263	123	161	4	14	7	0
Zm00001eb242480	164	30	3	106	143	31	16	103
Zm00001eb258790	163	1687	1071	430	147	2116	1645	683
Zm00001eb306620	163	217	174	179	0	2	1	1
Zm00001eb204530	160	184	127	212	44	45	46	12
Zm00001eb096760	159	224	154	152	9	8	18	10
Zm00001eb415240	159	151	78	62	0	0	0	0
Zm00001eb332100	158	30	172	12	174	94	266	10
Zm00001eb175180	158	203	154	167	4	10	8	7
Zm00001eb370600	158	76	197	106	0	0	0	0
Zm00001eb089540	158	95	202	22	0	0	0	0
Zm00001eb423310	157	87	82	60	1015	1728	1836	1703
Zm00001eb368650	157	104	132	65	8	0	3	7
Zm00001eb069310	156	42	272	31	750	79	1387	45
Zm00001eb381920	155	13	321	99	6	2	0	0
Zm00001eb405940	155	124	148	128	8	6	5	7
Zm00001eb333710	153	182	196	77	1	0	0	0
Zm00001eb111480	153	118	134	72	1	0	0	2
Zm00001eb368890	152	336	222	199	12	21	19	22
Zm00001eb027900	152	90	91	108	1	5	10	5
Zm00001eb019980	152	88	116	79	0	0	1	4
Zm00001eb323090	151	57	128	96	34	823	277	71
Zm00001eb217210	151	218	149	155	0	0	0	13
Zm00001eb328700	150	160	412	137	5	3	8	4
Zm00001eb271720	149	163	169	139	3	14	12	5
Zm00001eb198140	148	124	250	116	5	5	41	12
Zm00001eb111710	147	147	38	372	61	87	43	107
Zm00001eb187130	146	15	0	93	117	22	0	205
Zm00001eb401330	146	34	46	56	146	5	32	23
Zm00001eb418230	146	88	181	11	16	12	15	2
Zm00001eb159220	145	130	895	108	24	153	73	223
Zm00001eb402150	144	53	209	18	167	74	369	22
Zm00001eb172250	144	211	112	152	13	1	11	6
Zm00001eb088450	144	169	116	129	1	0	0	2
Zm00001eb178310	144	173	99	137	0	0	0	0
Zm00001eb051760	144	102	150	110	5	5	7	5
Zm00001eb089160	144	96	131	45	3	8	6	10
Zm00001eb272220	143	128	125	111	0	0	0	0
Zm00001eb254610	142	102	110	35	0	0	0	0
Zm00001eb273350	141	142	100	70	0	0	0	0
Zm00001eb100220	140	46	36	16	250	222	294	8
Zm00001eb415030	140	197	224	126	13	54	17	10
Zm00001eb266640	140	117	141	54	0	1	2	1
Zm00001eb096640	140	82	72	45	1	0	0	3
Zm00001eb083480	139	119	126	103	1	0	0	2
Zm00001eb412250	139	98	139	69	0	0	0	0
Zm00001eb232350	139	77	52	63	0	0	0	0
Zm00001eb019760	138	151	138	54	2	5	4	2
Zm00001eb248660	137	148	144	103	0	0	0	2
Zm00001eb105150	137	88	97	51	0	0	0	0
Zm00001eb226480	136	181	99	131	0	0	0	2
Zm00001eb391900	136	84	132	67	11	16	26	0
Zm00001eb238720	135	119	261	82	10	5	0	0
Zm00001eb268320	132	120	82	99	683	1815	1463	959
Zm00001eb212520	132	17	131	63	240	22	566	81
Zm00001eb377390	132	158	188	155	75	14	65	2
Zm00001eb286130	131	108	102	61	1	0	1	7
Zm00001eb089610	130	71	112	42	0	0	0	1
Zm00001eb219180	129	183	160	103	0	0	0	1
Zm00001eb386620	128	164	149	149	2	0	0	0
Zm00001eb031890	127	84	102	50	1910	1411	3161	1211
Zm00001eb388670	127	96	91	82	11	28	4	4
Zm00001eb141200	127	95	115	49	0	0	0	0
Zm00001eb163440	127	7	16	15	96	29	30	37
Zm00001eb046570	126	183	89	339	0	2	0	4
Zm00001eb342140	126	208	198	127	0	0	0	1
Zm00001eb272340	126	139	123	111	4	1	0	1
Zm00001eb039750	125	17	154	15	84	56	585	249
Zm00001eb008180	125	144	118	33	0	11	5	0
Zm00001eb068900	125	67	137	66	12	3	2	4
Zm00001eb273170	124	105	264	107	0	0	0	0
Zm00001eb138300	123	278	198	158	1353	1951	2000	1360
Zm00001eb356600	123	6	141	55	371	192	610	356
Zm00001eb406920	123	140	305	112	9	5	19	17
Zm00001eb068360	122	174	128	134	5	2	1	1
Zm00001eb018820	122	163	123	107	0	1	0	0
Zm00001eb046070	122	136	108	91	5	7	18	7
Zm00001eb409030	122	38	25	17	105	2	71	8
Zm00001eb148070	121	1128	1880	514	25	842	1051	215
Zm00001eb418610	121	26	1270	50	85	21	343	45
Zm00001eb244460	121	86	77	108	0	0	0	0
Zm00001eb121900	120	28	552	23	404	74	271	101
Zm00001eb346800	120	29	355	22	192	38	481	67
Zm00001eb272230	119	63	0	129	113	48	28	50
Zm00001eb357950	118	188	289	177	34	32	24	73
Zm00001eb211210	118	183	129	112	0	4	3	2
Zm00001eb161610	117	7	4	119	160	7	10	168
Zm00001eb278150	117	22	6	130	46	14	24	49
Zm00001eb204330	117	68	87	29	3	5	2	4
Zm00001eb386610	116	192	134	207	0	0	0	0
Zm00001eb186140	116	196	152	167	1	0	2	0
Zm00001eb185100	115	52	795	71	113	46	660	116
Zm00001eb264810	115	187	136	185	1	0	0	0
Zm00001eb050580	115	170	148	47	1	0	0	1
Zm00001eb069060	115	98	111	113	0	3	0	0
Zm00001eb093580	114	137	114	132	1587	1328	2480	1646
Zm00001eb204830	114	143	180	122	0	3	0	1
Zm00001eb200160	114	110	106	94	6	6	3	2
Zm00001eb070640	114	49	69	26	0	1	0	0
Zm00001eb207730	113	157	104	100	0	0	0	4
Zm00001eb000310	113	103	105	84	2	8	3	7
Zm00001eb269580	113	92	140	39	0	0	0	3
Zm00001eb015360	113	102	108	50	0	0	0	0
Zm00001eb198080	112	154	24	33	625	1194	935	917
Zm00001eb374190	111	198	92	791	38	70	75	290
Zm00001eb417710	110	58	82	67	2	3	4	7
Zm00001eb413460	110	70	97	25	0	0	1	1
Zm00001eb312960	110	33	90	50	0	0	1	0
Zm00001eb145080	110	3	16	3	0	0	0	0
Zm00001eb218160	109	29	5	8	550	1292	1092	492
Zm00001eb266670	109	90	134	73	4	3	2	0
Zm00001eb111670	108	71	163	65	875	1031	1643	479
Zm00001eb040630	108	122	143	58	0	0	0	0
Zm00001eb411270	108	136	105	74	0	0	0	0
Zm00001eb411480	108	32	72	56	0	0	0	0
Zm00001eb000300	107	102	99	78	2	3	3	1
Zm00001eb201400	107	87	83	43	0	0	0	0
Zm00001eb058380	107	77	61	64	0	0	0	0
Zm00001eb319160	106	95	124	55	0	0	0	0
Zm00001eb298890	106	82	100	58	17	3	4	8
Zm00001eb099220	106	62	91	31	1	0	0	0
Zm00001eb251520	105	21	403	29	120	51	705	86
Zm00001eb390600	105	230	145	176	6	8	3	9
Zm00001eb032040	105	98	154	108	10	14	9	10
Zm00001eb217260	105	98	101	67	0	3	1	3
Zm00001eb015370	105	98	82	35	0	0	0	0
Zm00001eb319670	104	208	229	119	9167	7822	14474	6024
Zm00001eb141080	104	132	165	156	774	2611	1203	2617
Zm00001eb421670	104	81	98	70	2	1	0	0
Zm00001eb090230	103	41	30	28	4901	7450	11293	4861
Zm00001eb042070	103	7	74	11	90	19	167	13
Zm00001eb335050	103	115	114	81	0	0	0	0
Zm00001eb115920	103	71	71	56	1	0	0	0
Zm00001eb401100	103	6	23	10	26	21	31	27
Zm00001eb413480	103	41	36	13	0	0	0	0
Zm00001eb314330	102	42	156	74	36	35	75	2
Zm00001eb090610	101	101	96	70	0	0	2	3
Zm00001eb362670	101	52	90	19	0	0	0	5
Zm00001eb068470	100	230	62	501	29	108	20	292
Zm00001eb208720	100	91	54	32	2	4	4	0
Zm00001eb135430	100	4	4	16	19	3	3	3
Zm00001eb214040	99	136	88	73	565	1300	1100	1151
Zm00001eb131090	99	385	1020	91	119	601	1030	259
Zm00001eb415520	99	198	79	30	53	760	105	11
Zm00001eb167700	99	29	124	7	257	143	181	111
Zm00001eb161390	99	30	185	20	12	6	124	3
Zm00001eb006840	99	34	63	14	0	0	0	0
Zm00001eb007540	98	108	74	104	1	0	0	0
Zm00001eb255510	97	79	855	51	57	25	314	21
Zm00001eb296500	97	65	49	76	0	3	0	0
Zm00001eb087980	96	3	105	137	114	11	123	111
Zm00001eb345190	96	137	121	111	2	3	5	3
Zm00001eb365220	96	5	91	9	77	24	145	6
Zm00001eb145030	96	75	116	27	3	0	0	0
Zm00001eb353770	96	29	61	6	0	2	1	1
Zm00001eb123230	95	76	119	78	1	2	0	1
Zm00001eb349500	95	61	105	52	2	0	0	0
Zm00001eb302850	94	60	112	98	3	1	3	1
Zm00001eb175510	94	31	54	23	3	0	0	2
Zm00001eb369380	92	89	100	48	7	0	2	0
Zm00001eb098190	92	14	43	20	2	1	0	3
Zm00001eb159120	91	32	56	16	692	593	1207	628
Zm00001eb412960	91	41	290	41	125	543	218	371
Zm00001eb040640	91	82	75	52	2	0	0	1
Zm00001eb423150	91	46	42	21	0	0	0	0
Zm00001eb375120	90	87	59	192	69	831	537	2053
Zm00001eb193990	90	167	155	106	0	4	4	2
Zm00001eb135760	90	65	163	37	0	0	0	0
Zm00001eb103520	90	16	46	29	0	0	0	0
Zm00001eb078320	89	20	36	34	496	273	505	80
Zm00001eb368870	89	121	94	54	3	0	0	0
Zm00001eb416290	89	84	108	49	3	10	6	7
Zm00001eb016230	88	92	176	112	864	1516	1723	883
Zm00001eb195920	88	164	87	219	13	23	30	9
Zm00001eb173810	88	56	26	25	0	0	0	0
Zm00001eb183820	88	21	41	20	1	2	0	4
Zm00001eb120300	87	91	149	82	0	0	0	0
Zm00001eb341750	87	103	93	49	2	0	0	0
Zm00001eb150500	86	4	13	33	142	44	66	93
Zm00001eb270260	86	105	125	105	2	1	1	3
Zm00001eb017610	86	57	52	24	0	0	0	0
Zm00001eb325290	85	5	24	3	21	2	7	3
Zm00001eb134900	84	145	114	120	0	1	0	0
Zm00001eb019880	84	3	1	2	183	23	81	17
Zm00001eb383350	84	91	83	88	0	0	1	0
Zm00001eb413180	84	128	48	38	2	6	9	1
Zm00001eb390700	84	51	85	57	1	0	0	0
Zm00001eb238740	83	37	13	11	0	0	3	0
Zm00001eb070880	82	97	74	117	3	2	3	1
Zm00001eb239180	81	137	87	82	1	4	2	18
Zm00001eb040620	81	105	145	52	0	1	0	0
Zm00001eb277740	81	35	47	20	0	0	0	0
Zm00001eb022810	81	4	13	0	30	3	27	2
Zm00001eb012570	81	2	18	4	3	19	6	1
Zm00001eb322810	81	3	0	12	23	0	6	4
Zm00001eb020240	80	127	114	90	0	4	1	1
Zm00001eb396190	80	70	51	38	0	0	0	0
Zm00001eb412730	80	61	63	22	0	0	0	0
Zm00001eb416000	79	158	135	168	0	0	0	1
Zm00001eb030670	79	92	83	125	0	0	0	1
Zm00001eb202380	78	22	33	16	288	292	574	284
Zm00001eb290180	78	125	136	94	1	2	4	1
Zm00001eb244630	78	108	111	66	0	4	3	4
Zm00001eb183920	78	69	74	54	0	0	0	0
Zm00001eb265380	78	93	39	42	0	1	2	0
Zm00001eb183790	78	45	68	28	3	2	0	3
Zm00001eb272040	78	0	13	1	14	4	13	0
Zm00001eb063860	77	81	69	90	1385	2411	2482	2405
Zm00001eb223620	77	334	59	38	7	167	19	9
Zm00001eb270580	77	45	219	16	36	69	22	45
Zm00001eb217360	77	128	99	71	5	5	8	4
Zm00001eb326240	77	58	50	15	0	0	0	0
Zm00001eb340920	77	41	64	16	0	1	0	0
Zm00001eb420790	77	41	41	36	0	0	0	0
Zm00001eb275400	76	148	69	666	43	123	67	536
Zm00001eb363620	76	160	100	99	3	5	6	1
Zm00001eb122490	76	67	132	121	1	3	9	0
Zm00001eb010720	76	117	116	58	6	0	7	3
Zm00001eb350190	76	78	75	79	0	0	0	0
Zm00001eb353120	76	38	67	51	0	0	3	0
Zm00001eb337790	76	65	48	34	0	0	0	0
Zm00001eb434040	76	36	44	31	1	2	1	6
Zm00001eb400190	75	53	419	23	16	3	5	6
Zm00001eb093020	75	112	77	89	1	0	0	0
Zm00001eb106670	74	105	45	98	6	2	3	3
Zm00001eb314610	73	309	116	210	100	1489	469	1386
Zm00001eb147750	73	26	447	16	275	103	1122	168
Zm00001eb350060	73	93	77	64	0	0	1	0
Zm00001eb007100	73	41	151	23	0	0	2	0
Zm00001eb218360	73	95	40	53	1	1	5	7
Zm00001eb009040	73	50	37	41	0	0	0	0
Zm00001eb087350	72	62	493	38	0	0	0	0
Zm00001eb040580	72	53	7	178	14	33	10	43
Zm00001eb161090	71	101	79	35	7	3	15	6
Zm00001eb187100	71	82	38	77	4	1	2	4
Zm00001eb113310	70	83	59	35	852	997	1002	855
Zm00001eb214780	70	59	142	4	433	612	649	111
Zm00001eb376040	70	99	177	60	5	0	5	3
Zm00001eb387580	70	84	68	51	1	4	0	1
Zm00001eb049380	70	49	58	24	0	0	0	0
Zm00001eb317650	69	24	49	23	399	349	653	282
Zm00001eb250450	69	59	109	41	0	0	0	0
Zm00001eb389390	69	39	78	44	2	0	0	0
Zm00001eb049400	69	55	46	47	2	0	0	0
Zm00001eb407490	68	159	89	105	2	1	2	0
Zm00001eb113720	67	52	64	44	0	1	0	3
Zm00001eb381190	67	58	50	51	0	0	0	0
Zm00001eb180830	66	112	230	7	67	131	296	18
Zm00001eb007740	65	4	99	7	156	104	140	16
Zm00001eb065190	65	63	59	81	0	4	0	0
Zm00001eb163480	64	115	63	32	442	678	875	602
Zm00001eb331680	64	18	49	39	2	5	0	2
Zm00001eb396530	64	31	63	16	0	0	0	0
Zm00001eb160670	64	18	49	9	0	1	0	0
Zm00001eb167120	63	43	20	13	467	773	3268	1000
Zm00001eb318100	63	130	30	104	11	8	4	1
Zm00001eb378770	63	82	61	44	0	1	3	0
Zm00001eb089990	63	16	30	10	0	0	0	0
Zm00001eb368740	62	6	21	139	1492	2334	1227	1258
Zm00001eb380070	62	71	61	64	0	0	0	0
Zm00001eb399150	62	14	123	7	4	0	8	0
Zm00001eb094660	62	53	47	52	0	0	0	0
Zm00001eb349940	62	10	30	11	0	0	0	0
Zm00001eb011200	61	98	61	39	597	784	838	658
Zm00001eb084980	61	100	30	342	116	158	118	105
Zm00001eb046090	61	65	76	46	3	3	2	3
Zm00001eb377600	61	55	39	50	0	0	1	0
Zm00001eb273450	61	41	52	27	0	0	0	3
Zm00001eb057850	61	24	61	36	0	0	0	0
Zm00001eb265340	60	74	70	38	810	830	1482	832
Zm00001eb004280	60	117	193	29	14	5	14	2
Zm00001eb311150	59	31	148	66	163	440	558	161
Zm00001eb016390	59	41	115	18	202	240	596	307
Zm00001eb171520	59	165	79	113	4	5	7	5
Zm00001eb034960	59	115	111	98	0	2	1	1
Zm00001eb208650	59	104	87	75	0	0	0	1
Zm00001eb408030	59	32	44	25	1	0	0	0
Zm00001eb367770	58	908	197	271	133	1327	292	352
Zm00001eb385400	58	42	76	18	2	0	0	2
Zm00001eb039330	58	50	59	23	0	0	0	0
Zm00001eb096730	58	38	45	33	0	0	0	0
Zm00001eb262900	58	18	27	23	0	0	0	0
Zm00001eb429530	57	49	58	76	1361	2664	1376	785
Zm00001eb358860	57	14	46	28	580	953	1267	472
Zm00001eb409750	57	44	0	213	23	16	16	63
Zm00001eb135020	57	120	75	72	4	9	1	3
Zm00001eb006900	57	82	65	57	0	0	0	2
Zm00001eb290170	57	76	91	28	0	0	0	0
Zm00001eb237320	57	70	61	31	1	0	0	0
Zm00001eb389190	56	2693	711	708	229	3524	969	1281
Zm00001eb027960	56	278	7	210	23	127	12	387
Zm00001eb293270	56	40	68	31	43	58	87	1
Zm00001eb387880	56	91	103	96	1	2	1	1
Zm00001eb392550	56	78	43	69	0	2	0	1
Zm00001eb110240	55	10	1041	208	97	2	615	151
Zm00001eb183450	55	80	54	76	0	0	0	1
Zm00001eb108190	55	43	40	52	2	2	2	0
Zm00001eb292020	55	38	50	25	0	0	0	0
Zm00001eb317560	55	24	49	12	0	0	0	0
Zm00001eb238270	54	95	99	32	49	49	110	5
Zm00001eb037290	54	78	59	71	1	1	10	2
Zm00001eb016820	54	75	61	28	0	1	0	0
Zm00001eb304950	54	61	13	23	6	0	0	0
Zm00001eb342000	54	28	54	13	1	1	0	0
Zm00001eb373380	53	108	115	37	339	522	362	580
Zm00001eb341320	53	45	43	63	6	3	2	1
Zm00001eb337850	53	47	52	57	0	0	0	0
Zm00001eb378140	53	28	91	23	5	0	1	0
Zm00001eb030360	53	48	25	27	0	0	0	0
Zm00001eb387900	53	11	32	4	0	0	0	0
Zm00001eb397970	52	7	15	0	116	149	381	46
Zm00001eb372740	52	32	39	19	0	0	0	0
Zm00001eb033400	52	26	13	6	0	3	1	0
Zm00001eb121580	51	31	33	26	869	731	623	707
Zm00001eb048370	51	702	512	306	25	514	323	147
Zm00001eb211180	51	36	58	28	595	422	523	327
Zm00001eb063820	51	123	119	113	0	0	0	3
Zm00001eb238510	51	50	41	40	0	0	1	0
Zm00001eb034240	50	120	66	145	11	17	48	1
Zm00001eb224540	50	63	67	27	0	1	0	2
Zm00001eb324890	50	54	38	15	0	0	0	0
Zm00001eb246880	49	69	66	23	3	1	3	0
Zm00001eb047740	48	45	61	0	876	962	1150	858
Zm00001eb323740	48	57	44	22	0	0	1	2
Zm00001eb313920	47	22	114	6	37	31	170	5
Zm00001eb116890	47	65	81	30	1	3	1	1
Zm00001eb246980	47	56	52	36	0	0	0	0
Zm00001eb079960	47	61	58	23	0	0	0	0
Zm00001eb136210	47	59	48	27	0	0	0	0
Zm00001eb266830	47	39	45	22	4	0	0	0
Zm00001eb390960	46	55	59	26	519	618	820	528
Zm00001eb084850	46	40	37	13	184	163	237	216
Zm00001eb183680	46	131	17	4	2	0	4	2
Zm00001eb082360	46	74	52	19	0	0	0	3
Zm00001eb237830	46	37	56	28	0	0	0	0
Zm00001eb259920	46	31	55	25	4	1	0	1
Zm00001eb034050	45	24	1372	91	77	37	1113	393
Zm00001eb165030	45	588	152	174	18	219	95	123
Zm00001eb193710	45	96	50	161	20	14	23	8
Zm00001eb340250	45	74	39	100	0	0	0	0
Zm00001eb161380	45	81	72	59	0	0	0	0
Zm00001eb416070	45	23	139	22	0	0	0	0
Zm00001eb217280	45	101	31	47	0	0	0	1
Zm00001eb264950	45	43	45	45	0	0	0	0
Zm00001eb012550	44	74	108	65	237	601	396	1153
Zm00001eb050970	44	22	60	46	203	274	871	113
Zm00001eb334380	44	147	46	84	0	0	1	5
Zm00001eb001740	44	52	72	42	0	0	0	0
Zm00001eb205720	44	84	26	33	0	0	0	1
Zm00001eb164940	44	24	48	22	4	2	0	1
Zm00001eb017640	43	19	94	12	340	106	1128	250
Zm00001eb414810	43	206	162	223	15	216	160	312
Zm00001eb005580	43	159	151	133	10	26	21	2
Zm00001eb044990	43	67	78	134	0	3	0	1
Zm00001eb299040	43	56	51	27	5	0	7	5
Zm00001eb417070	43	49	52	43	0	0	0	0
Zm00001eb220190	42	33	42	6	1320	1614	2384	1507
Zm00001eb154780	42	45	62	32	795	471	1065	476
Zm00001eb339320	42	28	53	3	127	96	246	99
Zm00001eb207670	42	9	9	176	35	12	11	50
Zm00001eb208380	42	0	3	6	20	47	18	1
Zm00001eb213210	41	51	41	25	473	539	579	579
Zm00001eb244000	41	14	10	13	460	409	630	182
Zm00001eb342740	41	264	50	384	64	357	91	506
Zm00001eb288710	41	20	49	8	340	379	423	192
Zm00001eb370690	41	37	57	86	1	0	0	0
Zm00001eb250860	41	69	32	39	0	0	0	0
Zm00001eb348410	41	37	48	28	0	0	0	0
Zm00001eb116470	40	21	13	8	681	1269	486	205
Zm00001eb253630	40	37	48	16	0	0	0	0
Zm00001eb402830	39	100	69	76	740	1260	1329	1422
Zm00001eb326950	39	871	553	81	38	874	992	191
Zm00001eb212460	39	327	229	229	56	1144	501	513
Zm00001eb187450	39	652	775	178	10	208	311	140
Zm00001eb316780	39	74	60	79	0	0	0	0
Zm00001eb056110	39	44	49	0	28	15	23	11
Zm00001eb420260	39	33	45	20	0	0	0	0
Zm00001eb383440	39	0	6	0	16	2	12	0
Zm00001eb231110	38	400	171	394	110	705	293	411
Zm00001eb212290	38	56	46	47	1	0	0	3
Zm00001eb381850	38	65	32	37	0	0	1	0
Zm00001eb357190	38	55	23	30	0	0	0	0
Zm00001eb102370	38	11	70	2	5	2	7	1
Zm00001eb349800	37	25	36	12	309	346	454	257
Zm00001eb219210	37	22	54	9	53	100	109	241
Zm00001eb148040	37	15	143	7	0	4	21	0
Zm00001eb156390	37	44	49	27	0	0	0	0
Zm00001eb072870	36	1032	264	476	24	934	525	755
Zm00001eb430660	36	68	69	39	0	0	0	0
Zm00001eb417060	35	57	42	34	743	843	1151	1021
Zm00001eb151610	35	34	69	12	0	0	0	0
Zm00001eb155430	34	389	562	179	458	1121	695	1290
Zm00001eb350770	33	419	50	68	5	10	5	7
Zm00001eb012940	33	42	76	59	0	1	3	0
Zm00001eb179970	33	14	124	14	3	2	5	1
Zm00001eb312150	33	59	62	25	0	0	0	0
Zm00001eb431660	32	27	25	11	867	892	1424	816
Zm00001eb332560	32	952	197	295	55	1496	152	477
Zm00001eb215860	32	462	142	222	32	722	117	540
Zm00001eb371530	32	5	384	5	62	42	827	102
Zm00001eb405820	31	14	103	11	337	685	583	456
Zm00001eb037600	31	11	1023	67	17	12	292	28
Zm00001eb423710	31	33	23	10	129	452	222	139
Zm00001eb305140	31	91	56	77	0	2	3	0
Zm00001eb105040	31	53	21	44	1	0	6	3
Zm00001eb056010	30	10	588	19	79	74	657	274
Zm00001eb317670	30	4	2	2	212	124	633	196
Zm00001eb062000	30	65	94	46	4	1	2	3
Zm00001eb367130	29	18	26	8	566	791	911	906
Zm00001eb217080	29	19	29	10	280	180	302	175
Zm00001eb247830	29	42	100	4	9	59	11	4
Zm00001eb143800	29	55	16	24	0	0	0	0
Zm00001eb055610	29	18	53	6	0	0	0	3
Zm00001eb370140	28	10	7	1	693	1001	914	702
Zm00001eb164390	28	8	210	12	109	20	604	45
Zm00001eb156790	28	10	15	2	154	168	299	91
Zm00001eb222740	28	78	88	27	0	2	3	0
Zm00001eb093440	27	12	36	18	1375	2904	1960	3435
Zm00001eb335510	27	15	19	6	556	237	605	241
Zm00001eb034410	27	9	25	1	133	84	155	76
Zm00001eb186620	27	99	257	16	7	21	44	0
Zm00001eb109980	26	50	28	47	326	582	618	489
Zm00001eb132840	26	17	15	20	213	346	320	182
Zm00001eb410410	26	10	21	3	193	191	151	172
Zm00001eb423470	26	21	24	9	133	70	254	175
Zm00001eb291080	25	51	38	25	466	675	1134	529
Zm00001eb406490	25	13	1007	67	27	19	189	133
Zm00001eb260130	25	16	37	43	120	232	187	301
Zm00001eb194590	25	15	34	7	147	174	249	222
Zm00001eb242170	25	51	37	35	0	0	2	2
Zm00001eb126130	24	287	127	49	117	299	142	27
Zm00001eb155140	24	24	21	0	177	114	278	107
Zm00001eb394330	24	11	176	2	2	0	1	0
Zm00001eb018130	24	9	95	28	0	0	0	0
Zm00001eb218900	23	40	36	13	325	515	757	493
Zm00001eb377410	23	44	67	41	398	164	603	60
Zm00001eb317110	23	14	767	42	35	20	288	38
Zm00001eb215270	23	20	13	151	12	12	14	61
Zm00001eb367810	22	484	902	252	44	337	570	284
Zm00001eb410760	22	6	3	1	110	78	114	65
Zm00001eb032560	22	37	95	7	2	9	107	4
Zm00001eb291720	22	41	31	19	19	20	64	0
Zm00001eb412390	22	24	17	27	5	2	4	81
Zm00001eb103650	22	71	43	13	1	0	0	0
Zm00001eb113160	22	14	68	6	0	0	0	0
Zm00001eb057930	22	12	51	17	0	0	0	0
Zm00001eb335660	21	21	26	8	132	175	178	250
Zm00001eb339420	21	13	126	2	15	3	14	0
Zm00001eb004670	21	11	47	24	11	15	60	0
Zm00001eb014550	20	42	24	13	372	544	744	500
Zm00001eb111110	20	42	65	52	0	0	0	2
Zm00001eb171840	19	426	162	166	33	354	169	86
Zm00001eb160630	19	10	14	10	203	214	279	144
Zm00001eb301270	19	193	11	26	26	414	32	56
Zm00001eb141540	19	12	116	4	5	44	474	10
Zm00001eb169120	18	3	0	28	484	889	845	827
Zm00001eb274690	18	607	200	78	20	431	119	50
Zm00001eb153420	18	51	40	30	308	342	367	321
Zm00001eb155640	18	20	44	15	162	288	384	269
Zm00001eb233600	18	23	16	12	160	247	354	254
Zm00001eb238790	18	23	16	12	311	260	251	180
Zm00001eb426600	18	7	6	9	205	138	311	141
Zm00001eb422570	18	10	23	0	41	57	62	55
Zm00001eb017030	17	64	12	18	2052	1410	1004	582
Zm00001eb047650	17	16	13	26	172	305	288	94
Zm00001eb266190	17	0	5	0	267	99	129	356
Zm00001eb264870	17	5	11	0	71	84	234	65
Zm00001eb382460	17	28	44	15	0	0	0	2
Zm00001eb168900	16	0	0	35	564	539	1034	371
Zm00001eb233590	16	24	12	12	204	396	415	497
Zm00001eb374130	16	0	0	0	194	292	319	320
Zm00001eb104920	16	42	19	12	165	207	275	273
Zm00001eb285440	16	2	1	3	99	199	157	189
Zm00001eb047630	16	13	13	0	74	106	262	79
Zm00001eb057770	16	6	12	6	99	84	145	174
Zm00001eb408530	16	3	45	13	3	4	0	1
Zm00001eb250940	15	382	303	138	7	597	344	109
Zm00001eb310790	15	11	18	7	256	205	471	146
Zm00001eb169870	15	4	349	25	90	12	426	92
Zm00001eb205400	15	0	0	0	214	175	369	163
Zm00001eb221120	15	14	14	6	78	146	285	151
Zm00001eb144590	15	11	7	0	212	116	160	110
Zm00001eb242240	15	41	105	4	22	23	74	9
Zm00001eb033930	15	14	0	16	22	54	54	25
Zm00001eb238440	15	0	32	0	13	2	44	0
Zm00001eb134120	14	31	40	14	466	617	726	295
Zm00001eb384610	14	11	8	3	286	425	306	254
Zm00001eb381410	14	6	23	13	218	212	304	134
Zm00001eb430870	14	7	4	9	184	79	173	107
Zm00001eb382310	14	1	39	0	133	60	153	1
Zm00001eb338040	14	3	1	7	38	31	79	30
Zm00001eb106600	14	2	47	11	0	1	0	1
Zm00001eb119760	13	275	365	55	78	605	741	197
Zm00001eb170080	13	23	937	81	10	6	304	18
Zm00001eb093090	13	9	10	2	174	306	410	299
Zm00001eb175940	13	13	11	18	334	253	229	67
Zm00001eb423090	13	2	0	1	237	99	132	105
Zm00001eb320970	13	13	5	43	50	37	20	296
Zm00001eb405960	13	4	1	4	66	80	78	58
Zm00001eb369550	13	65	7	19	2	65	21	8
Zm00001eb218960	12	33	53	46	350	548	801	299
Zm00001eb428800	12	4	1331	78	22	1	430	44
Zm00001eb086470	12	11	20	2	140	170	224	180
Zm00001eb018630	12	2	1	1	200	45	314	106
Zm00001eb115410	12	2	0	2	123	112	237	98
Zm00001eb389760	12	2	3	3	138	132	221	63
Zm00001eb189370	11	12	7	25	173	236	311	88
Zm00001eb097980	11	9	3	1	129	110	201	122
Zm00001eb099160	11	0	7	1	93	93	86	17
Zm00001eb386040	11	4	203	7	10	0	60	3
Zm00001eb070780	10	1	0	0	612	1127	947	578
Zm00001eb335390	10	85	11	64	138	257	217	234
Zm00001eb154630	10	31	18	8	95	234	224	190
Zm00001eb415720	10	144	32	60	31	172	96	130
Zm00001eb349440	10	7	6	4	72	81	152	95
Zm00001eb397940	10	7	161	9	13	4	16	17
Zm00001eb188120	10	1	63	5	10	1	112	4
Zm00001eb246540	10	7	53	3	2	2	0	0
Zm00001eb272850	9	14	16	28	664	1059	1390	927
Zm00001eb281930	9	20	1	6	245	449	552	342
Zm00001eb323990	9	8	6	8	278	329	466	269
Zm00001eb058440	9	3	0	2	335	272	549	168
Zm00001eb159130	9	6	12	5	328	203	468	251
Zm00001eb395860	9	1	0	1	177	126	247	140
Zm00001eb045750	9	7	2	3	94	132	251	75
Zm00001eb386210	9	27	31	2	48	65	125	98
Zm00001eb068480	9	17	1	25	5	55	8	125
Zm00001eb022640	9	4	0	2	31	33	54	25
Zm00001eb128610	9	10	5	4	4	87	7	20
Zm00001eb264060	9	32	58	21	0	0	0	0
Zm00001eb231980	8	0	3	5	623	116	182	146
Zm00001eb187390	8	13	29	3	132	564	99	71
Zm00001eb410280	8	2	5	3	132	126	212	130
Zm00001eb066550	8	4	2	7	175	103	179	74
Zm00001eb424340	8	1	0	0	200	120	164	48
Zm00001eb051340	8	6	6	5	48	65	91	146
Zm00001eb215970	8	15	2	5	52	86	88	52
Zm00001eb054810	8	4	63	0	8	8	61	7
Zm00001eb099460	8	4	8	5	0	47	4	8
Zm00001eb330320	7	0	0	7	533	285	1522	428
Zm00001eb339700	7	4	0	0	415	523	656	517
Zm00001eb178570	7	0	4	13	426	454	693	405
Zm00001eb344730	7	261	475	204	15	404	452	135
Zm00001eb286610	7	3	4	3	204	218	419	176
Zm00001eb351560	7	1	2	2	178	257	299	243
Zm00001eb276120	7	1	13	0	224	202	390	148
Zm00001eb120240	7	7	8	7	219	180	236	127
Zm00001eb302650	7	2	0	2	175	194	228	133
Zm00001eb376710	7	6	5	13	41	258	66	295
Zm00001eb093950	7	8	4	3	165	173	151	179
Zm00001eb190090	7	7	15	10	131	80	320	59
Zm00001eb080500	7	12	7	11	130	84	183	85
Zm00001eb107320	7	9	6	2	154	90	119	25
Zm00001eb241570	7	3	11	0	42	101	113	64
Zm00001eb053150	7	19	39	0	13	91	56	19
Zm00001eb322270	7	0	1	1	40	33	97	27
Zm00001eb021500	7	22	3	85	5	14	26	14
Zm00001eb301130	6	14	6	8	1402	1780	2641	1971
Zm00001eb364020	6	8	5	1	541	575	714	622
Zm00001eb233980	6	10	8	3	455	380	333	330
Zm00001eb422450	6	2	0	0	135	301	280	366
Zm00001eb218970	6	19	16	6	125	323	349	169
Zm00001eb399090	6	10	2	4	156	232	276	225
Zm00001eb365130	6	9	15	7	186	188	287	161
Zm00001eb128310	6	148	219	46	10	127	178	26
Zm00001eb086870	6	7	43	7	89	178	141	251
Zm00001eb370950	6	0	0	0	119	161	220	208
Zm00001eb260620	6	41	7	12	57	74	163	180
Zm00001eb205390	6	3	7	5	82	68	186	101
Zm00001eb147140	6	3	5	4	43	215	74	28
Zm00001eb266010	6	0	0	0	85	60	155	50
Zm00001eb092500	6	14	18	2	59	59	67	100
Zm00001eb130790	6	30	4	31	5	127	38	79
Zm00001eb304180	6	1	0	0	30	133	14	126
Zm00001eb269890	6	3	2	1	109	35	85	30
Zm00001eb354650	5	16	5	3	630	710	944	892
Zm00001eb132370	5	5	16	5	236	328	491	340
Zm00001eb158070	5	21	5	6	242	412	305	251
Zm00001eb342280	5	38	30	19	90	389	496	62
Zm00001eb355800	5	15	6	16	92	278	208	311
Zm00001eb179400	5	12	2	5	205	169	226	234
Zm00001eb055660	5	4	4	1	95	199	161	195
Zm00001eb276110	5	0	2	0	144	84	278	70
Zm00001eb032430	5	4	6	0	92	106	177	146
Zm00001eb161880	5	10	7	11	79	92	162	100
Zm00001eb092510	5	1	1	5	63	147	122	108
Zm00001eb164240	5	11	3	11	115	62	108	55
Zm00001eb389970	5	7	10	1	67	160	42	55
Zm00001eb038690	5	3	2	0	77	75	96	41
Zm00001eb298650	5	3	7	1	31	89	81	79
Zm00001eb336010	5	2	2	1	50	75	60	72
Zm00001eb267040	5	0	1	0	58	67	79	52
Zm00001eb423890	5	0	2	5	49	41	93	31
Zm00001eb168300	5	0	0	2	31	37	76	60
Zm00001eb365170	4	13	4	2	650	403	1091	444
Zm00001eb232110	4	11	4	14	512	581	811	598
Zm00001eb433790	4	2	1	1	418	447	873	515
Zm00001eb059400	4	7	1	4	594	691	559	294
Zm00001eb058170	4	5	6	2	210	133	281	192
Zm00001eb378630	4	7	7	3	167	145	277	82
Zm00001eb266000	4	2	0	0	127	149	227	81
Zm00001eb431580	4	16	2	14	41	97	131	61
Zm00001eb223700	4	1	2	0	124	69	73	57
Zm00001eb171380	4	3	1	0	55	73	101	81
Zm00001eb072120	4	2	0	1	71	88	79	61
Zm00001eb356570	4	3	1	3	52	38	73	61
Zm00001eb385520	4	0	0	0	57	56	46	29
Zm00001eb196990	4	14	5	75	4	0	6	13
Zm00001eb274870	4	2	0	36	6	6	10	0
Zm00001eb044850	3	0	24	0	314	241	1560	675
Zm00001eb002910	3	41	1	8	485	724	679	637
Zm00001eb400520	3	31	2	5	512	686	560	679
Zm00001eb014670	3	7	4	12	277	336	505	409
Zm00001eb083010	3	5	1	2	312	229	344	569
Zm00001eb065970	3	1	6	5	243	272	376	167
Zm00001eb223960	3	14	25	4	150	206	283	196
Zm00001eb051280	3	1	0	0	199	224	253	183
Zm00001eb061020	3	0	0	0	114	242	235	244
Zm00001eb375000	3	14	17	0	222	394	155	25
Zm00001eb310430	3	2	0	5	148	168	216	136
Zm00001eb248860	3	16	5	9	114	116	222	145
Zm00001eb000070	3	0	2	3	155	88	220	91
Zm00001eb214550	3	36	18	212	4	46	25	193
Zm00001eb278960	3	0	1	0	98	138	129	55
Zm00001eb101870	3	0	1	0	61	158	92	65
Zm00001eb061670	3	6	2	0	63	13	196	58
Zm00001eb019070	3	2	1	0	49	71	109	46
Zm00001eb379200	3	7	1	2	35	57	89	80
Zm00001eb065820	3	0	1	1	92	51	28	63
Zm00001eb039440	3	0	0	1	52	39	74	69
Zm00001eb365500	3	1	0	0	55	69	74	35
Zm00001eb157250	3	9	0	0	39	75	43	55
Zm00001eb302170	3	5	0	1	34	78	62	30
Zm00001eb035600	3	0	132	5	2	0	60	2
Zm00001eb301710	3	2	1	0	41	22	75	43
Zm00001eb114840	3	1	0	1	39	31	68	25
Zm00001eb200910	3	3	18	1	2	13	73	1
Zm00001eb087860	3	2	0	0	1	66	0	0
Zm00001eb160010	2	797	14	7	12678	13394	17954	14551
Zm00001eb188570	2	11	3	5	4441	3112	7670	2547
Zm00001eb374980	2	2	0	0	706	762	1085	661
Zm00001eb345080	2	4	1	2	495	827	927	734
Zm00001eb395670	2	39	10	0	633	672	866	672
Zm00001eb234010	2	2	0	2	431	451	830	525
Zm00001eb281470	2	4	8	1	545	262	718	341
Zm00001eb423520	2	0	0	1	337	409	604	368
Zm00001eb140700	2	12	17	0	428	394	509	299
Zm00001eb385580	2	4	3	2	303	204	432	306
Zm00001eb280470	2	7	2	13	202	271	286	261
Zm00001eb346050	2	6	4	1	238	233	359	173
Zm00001eb256300	2	6	13	5	159	254	268	124
Zm00001eb201190	2	3	3	7	189	215	263	139
Zm00001eb309490	2	6	13	7	202	102	295	117
Zm00001eb355950	2	0	0	0	187	140	283	127
Zm00001eb056970	2	0	559	7	0	1	126	0
Zm00001eb268600	2	0	1	0	126	181	355	25
Zm00001eb306880	2	5	3	2	88	160	234	195
Zm00001eb390300	2	9	0	2	99	328	105	117
Zm00001eb149150	2	6	0	10	78	148	163	86
Zm00001eb191880	2	1	1	1	72	118	190	97
Zm00001eb280770	2	2	3	4	106	112	141	59
Zm00001eb317320	2	0	0	0	131	68	170	53
Zm00001eb308270	2	5	0	1	91	84	146	75
Zm00001eb424050	2	3	12	3	78	69	110	86
Zm00001eb114950	2	8	11	3	103	95	102	17
Zm00001eb027080	2	2	1	0	86	62	138	49
Zm00001eb022890	2	6	15	1	114	50	42	75
Zm00001eb400700	2	3	3	0	56	45	99	54
Zm00001eb053000	2	0	2	0	62	32	100	55
Zm00001eb070720	2	3	0	2	61	58	58	48
Zm00001eb112230	2	3	1	0	52	49	83	41
Zm00001eb032480	2	2	0	5	76	41	36	48
Zm00001eb084470	2	2	0	1	42	52	67	27
Zm00001eb237950	2	3	0	2	35	19	86	27
Zm00001eb136150	2	0	0	0	87	16	17	27
Zm00001eb206620	2	0	1	3	3	57	14	0
Zm00001eb265350	1	2	0	0	1357	1587	2498	1683
Zm00001eb332200	1	41	0	1	832	1072	1305	833
Zm00001eb367250	1	7	0	6	562	1242	1311	869
Zm00001eb291040	1	5	0	0	633	1074	1169	961
Zm00001eb043820	1	2	4	1	464	752	792	714
Zm00001eb121460	1	2	0	2	462	378	589	198
Zm00001eb283080	1	0	0	0	462	293	492	249
Zm00001eb380160	1	0	1	1	276	276	392	170
Zm00001eb152780	1	4	0	0	308	97	506	133
Zm00001eb103140	1	3	0	0	195	236	238	220
Zm00001eb355930	1	4	2	0	90	260	215	297
Zm00001eb277430	1	0	0	2	181	192	154	160
Zm00001eb270550	1	0	5	0	37	141	224	268
Zm00001eb378920	1	0	3	0	121	196	224	112
Zm00001eb031500	1	1	1	1	128	117	248	129
Zm00001eb086450	1	3	0	1	156	113	225	84
Zm00001eb360080	1	9	0	0	119	178	147	116
Zm00001eb178750	1	2	0	2	105	131	172	108
Zm00001eb107440	1	5	2	0	138	125	155	87
Zm00001eb132870	1	0	2	1	95	128	135	146
Zm00001eb241160	1	2	0	1	90	116	212	85
Zm00001eb150430	1	2	0	0	96	177	113	115
Zm00001eb367010	1	3	3	0	91	159	126	121
Zm00001eb161730	1	6	6	0	90	105	183	105
Zm00001eb156950	1	5	0	0	123	56	154	57
Zm00001eb363760	1	2	9	1	96	79	123	80
Zm00001eb039790	1	0	2	2	51	90	128	116
Zm00001eb055630	1	0	1	1	119	53	135	78
Zm00001eb170160	1	7	1	2	97	55	143	61
Zm00001eb122800	1	1	2	1	49	99	102	111
Zm00001eb257740	1	1	0	0	67	79	126	90
Zm00001eb171950	1	1	1	0	143	48	102	38
Zm00001eb104320	1	3	0	0	66	81	130	52
Zm00001eb173770	1	2	0	1	80	62	106	74
Zm00001eb203890	1	0	3	0	50	86	106	79
Zm00001eb293840	1	2	1	1	67	81	82	71
Zm00001eb072540	1	1	0	3	58	64	102	71
Zm00001eb248030	1	0	0	0	58	53	153	31
Zm00001eb077330	1	0	0	2	82	65	104	31
Zm00001eb432050	1	0	2	0	51	75	113	30
Zm00001eb172330	1	0	1	4	53	36	84	73
Zm00001eb058040	1	0	2	0	41	51	95	50
Zm00001eb401980	1	0	0	0	67	36	58	59
Zm00001eb357820	1	0	0	0	75	50	68	26
Zm00001eb288160	1	0	0	1	62	7	105	43
Zm00001eb431640	1	0	0	0	38	33	62	71
Zm00001eb046060	1	7	0	0	28	46	41	56
Zm00001eb019480	1	2	2	0	62	40	30	34
Zm00001eb060500	1	3	0	0	27	31	30	63
Zm00001eb114100	1	1	0	0	15	18	53	17
Zm00001eb292880	0	3	1	0	1311	2282	1786	1164
Zm00001eb391290	0	5	1	0	891	1898	1413	923
Zm00001eb072050	0	2	0	0	552	827	679	830
Zm00001eb317310	0	0	0	3	928	425	1035	374
Zm00001eb152140	0	1	2	0	388	672	768	673
Zm00001eb352960	0	1	11	1	628	338	787	711
Zm00001eb282500	0	9	0	0	357	767	656	430
Zm00001eb219380	0	4	1	0	408	147	1357	218
Zm00001eb400200	0	2	0	0	457	419	760	463
Zm00001eb299830	0	0	0	0	468	429	615	451
Zm00001eb304830	0	0	1	0	754	410	581	213
Zm00001eb162190	0	3	0	1	429	454	606	443
Zm00001eb400620	0	7	0	14	388	486	611	357
Zm00001eb059710	0	23	0	0	360	442	537	406
Zm00001eb282490	0	8	0	0	288	696	432	312
Zm00001eb253360	0	2	0	1	495	409	404	405
Zm00001eb396560	0	0	0	2	445	477	415	359
Zm00001eb238030	0	1	0	0	312	128	975	241
Zm00001eb241410	0	0	0	2	329	356	566	358
Zm00001eb008040	0	6	1	2	574	238	528	187
Zm00001eb116970	0	21	7	6	208	664	349	265
Zm00001eb020070	0	10	0	0	336	570	328	257
Zm00001eb301690	0	0	0	0	293	108	788	240
Zm00001eb301080	0	0	2	0	186	402	516	309
Zm00001eb364170	0	2	2	0	345	319	414	300
Zm00001eb096370	0	3	0	0	418	372	375	212
Zm00001eb117860	0	0	0	0	194	343	479	340
Zm00001eb057310	0	18	0	0	232	371	371	299
Zm00001eb371610	0	2	9	0	444	156	461	197
Zm00001eb301820	0	0	0	0	271	253	522	217
Zm00001eb355920	0	4	0	0	199	302	364	386
Zm00001eb354260	0	4	5	0	209	270	465	212
Zm00001eb329350	0	0	3	5	284	262	315	295
Zm00001eb350220	0	1	0	0	249	226	436	180
Zm00001eb339400	0	5	0	0	265	271	243	287
Zm00001eb249530	0	2	2	0	278	201	385	190
Zm00001eb355910	0	5	4	5	229	235	346	226
Zm00001eb234020	0	0	0	0	207	249	354	215
Zm00001eb153400	0	1	0	0	267	178	379	122
Zm00001eb157170	0	0	0	0	200	154	401	154
Zm00001eb094680	0	0	1	0	166	230	259	240
Zm00001eb281060	0	0	0	0	159	186	182	334
Zm00001eb432110	0	0	0	0	219	184	207	229
Zm00001eb324140	0	0	0	0	236	146	318	138
Zm00001eb329800	0	2	0	1	208	206	230	182
Zm00001eb365380	0	0	0	0	159	194	270	206
Zm00001eb324130	0	0	0	0	191	155	279	201
Zm00001eb152580	0	8	0	0	252	226	197	141
Zm00001eb156880	0	2	1	0	210	174	270	167
Zm00001eb008410	0	5	0	0	143	220	292	163
Zm00001eb154750	0	3	0	0	165	141	321	188
Zm00001eb230100	0	0	0	0	203	108	240	260
Zm00001eb418530	0	8	0	3	160	178	284	168
Zm00001eb364530	0	0	0	0	172	158	263	193
Zm00001eb113430	0	3	1	0	235	128	302	116
Zm00001eb044160	0	9	0	0	159	147	301	168
Zm00001eb045190	0	4	1	0	154	192	251	175
Zm00001eb117700	0	2	0	0	254	137	255	117
Zm00001eb427390	0	0	0	0	114	173	267	175
Zm00001eb298050	0	0	0	0	153	154	246	165
Zm00001eb390670	0	0	0	0	143	208	164	182
Zm00001eb228720	0	1	0	0	126	169	214	176
Zm00001eb072060	0	0	0	0	163	148	236	137
Zm00001eb041680	0	3	1	2	138	133	217	178
Zm00001eb142080	0	0	2	0	123	164	222	156
Zm00001eb193870	0	4	0	1	103	162	123	271
Zm00001eb335310	0	0	2	0	136	134	295	90
Zm00001eb131500	0	0	0	0	129	141	267	115
Zm00001eb121750	0	0	0	7	178	155	178	119
Zm00001eb210160	0	2	1	1	142	166	193	131
Zm00001eb146820	0	0	1	0	134	131	240	127
Zm00001eb328840	0	0	0	15	139	199	148	126
Zm00001eb355900	0	1	2	0	128	131	221	141
Zm00001eb181040	0	1	0	4	137	167	195	119
Zm00001eb364540	0	1	0	0	134	99	242	142
Zm00001eb290880	0	1	0	0	141	158	195	120
Zm00001eb208130	0	0	0	0	128	162	169	155
Zm00001eb350940	0	1	0	0	165	140	211	95
Zm00001eb354800	0	0	2	0	139	97	226	146
Zm00001eb354460	0	0	1	0	92	165	190	146
Zm00001eb214470	0	12	0	0	140	117	193	128
Zm00001eb123700	0	2	0	0	104	165	190	121
Zm00001eb153390	0	0	0	0	145	118	231	88
Zm00001eb175750	0	9	1	1	141	153	122	151
Zm00001eb076500	0	0	1	0	101	116	200	159
Zm00001eb148740	0	2	3	8	110	131	144	177
Zm00001eb177010	0	1	1	0	114	138	224	97
Zm00001eb299840	0	0	0	0	134	133	176	113
Zm00001eb330110	0	0	0	7	123	109	154	146
Zm00001eb418520	0	4	0	3	166	136	141	87
Zm00001eb027780	0	53	122	12	10	72	251	5
Zm00001eb037660	0	0	0	2	94	98	160	155
Zm00001eb016860	0	2	0	3	179	91	180	51
Zm00001eb199770	0	4	0	0	110	88	197	100
Zm00001eb188280	0	0	8	0	130	124	167	67
Zm00001eb245430	0	2	281	12	24	44	68	59
Zm00001eb216570	0	1	0	0	107	124	152	104
Zm00001eb140980	0	0	1	0	95	120	132	131
Zm00001eb102070	0	13	0	0	118	92	166	80
Zm00001eb338390	0	1	0	1	104	128	115	110
Zm00001eb180160	0	1	0	0	104	96	172	84
Zm00001eb166420	0	1	0	0	128	113	126	82
Zm00001eb212070	0	2	1	0	87	105	170	84
Zm00001eb072030	0	0	0	0	48	75	189	135
Zm00001eb072040	0	0	0	0	100	138	118	89
Zm00001eb008030	0	0	0	0	182	54	157	44
Zm00001eb358490	0	0	1	0	156	88	139	48
Zm00001eb193020	0	0	0	0	72	132	136	91
Zm00001eb307540	0	0	0	2	178	66	141	32
Zm00001eb235470	0	0	0	0	88	105	168	55
Zm00001eb313470	0	0	0	0	156	46	166	45
Zm00001eb310850	0	0	0	0	70	101	133	101
Zm00001eb356640	0	1	0	0	97	105	110	87
Zm00001eb019080	0	0	0	0	60	79	185	75
Zm00001eb413440	0	0	0	0	84	128	50	137
Zm00001eb348800	0	0	9	0	71	153	76	88
Zm00001eb201370	0	1	0	0	195	124	25	48
Zm00001eb317340	0	5	0	1	116	85	134	48
Zm00001eb179890	0	0	0	0	107	109	141	31
Zm00001eb362350	0	0	1	1	102	79	127	77
Zm00001eb184490	0	0	0	2	106	83	117	61
Zm00001eb343540	0	0	3	0	72	107	94	93
Zm00001eb358030	0	0	0	0	98	76	107	86
Zm00001eb152550	0	2	0	0	58	66	150	90
Zm00001eb308870	0	0	0	0	104	94	87	80
Zm00001eb424040	0	0	2	0	82	72	112	91
Zm00001eb244880	0	0	0	1	89	106	95	61
Zm00001eb431650	0	4	2	0	120	81	103	41
Zm00001eb344740	0	0	3	0	77	80	125	62
Zm00001eb179990	0	0	3	2	81	55	139	57
Zm00001eb018590	0	4	0	0	52	84	117	79
Zm00001eb159270	0	1	0	0	43	27	193	71
Zm00001eb076510	0	3	5	0	82	68	122	54
Zm00001eb090340	0	0	0	0	61	86	111	74
Zm00001eb127170	0	0	0	0	75	89	101	66
Zm00001eb152760	0	3	0	0	108	29	153	35
Zm00001eb099730	0	1	0	0	62	54	135	75
Zm00001eb257560	0	3	0	0	114	54	97	59
Zm00001eb299100	0	0	0	3	74	74	86	90
Zm00001eb264460	0	0	0	0	73	93	101	55
Zm00001eb228710	0	0	0	0	60	70	103	88
Zm00001eb302490	0	1	0	0	56	41	81	139
Zm00001eb395350	0	0	1	2	72	85	101	53
Zm00001eb308910	0	0	0	0	93	100	89	31
Zm00001eb169260	0	0	0	0	53	38	143	68
Zm00001eb188750	0	0	0	70	70	8	105	46
Zm00001eb200380	0	17	22	28	65	66	56	45
Zm00001eb317330	0	0	0	0	72	59	121	46
Zm00001eb083000	0	0	0	0	72	42	62	119
Zm00001eb362980	0	0	0	0	52	92	64	87
Zm00001eb296900	0	0	4	0	36	30	156	67
Zm00001eb431670	0	0	1	0	80	56	93	61
Zm00001eb054340	0	4	0	0	43	62	107	73
Zm00001eb110220	0	0	0	2	65	80	76	65
Zm00001eb076210	0	1	5	1	62	96	58	63
Zm00001eb299330	0	2	0	0	69	87	76	51
Zm00001eb228750	0	0	0	0	42	76	87	79
Zm00001eb060690	0	0	0	0	36	66	92	85
Zm00001eb115890	0	1	0	0	31	77	86	81
Zm00001eb153410	0	3	1	3	94	50	83	42
Zm00001eb141970	0	3	0	0	60	40	105	67
Zm00001eb284770	0	7	0	9	3	160	39	57
Zm00001eb136550	0	0	0	0	70	71	95	33
Zm00001eb243100	0	0	0	0	75	74	65	55
Zm00001eb382750	0	0	0	0	60	40	93	76
Zm00001eb040440	0	0	0	0	80	55	86	47
Zm00001eb024710	0	0	0	0	47	61	107	52
Zm00001eb070700	0	4	4	0	67	57	74	61
Zm00001eb044510	0	0	0	0	79	59	74	52
Zm00001eb393890	0	0	0	0	75	43	86	60
Zm00001eb213810	0	1	0	0	55	69	91	47
Zm00001eb354340	0	1	3	0	65	73	69	49
Zm00001eb396210	0	0	3	0	56	57	62	80
Zm00001eb076440	0	1	0	0	39	54	98	58
Zm00001eb346080	0	2	3	3	69	60	61	50
Zm00001eb348790	0	0	0	0	51	74	71	50
Zm00001eb357430	0	0	0	0	53	59	73	61
Zm00001eb231140	0	0	0	0	116	45	71	13
Zm00001eb037580	0	0	0	0	56	90	43	55
Zm00001eb289760	0	0	0	0	39	66	76	63
Zm00001eb228220	0	1	0	0	52	35	95	57
Zm00001eb171590	0	0	0	0	39	109	45	45
Zm00001eb011850	0	2	0	0	56	49	92	38
Zm00001eb157020	0	2	0	1	52	60	58	64
Zm00001eb152770	0	0	0	0	65	29	116	26
Zm00001eb179980	0	0	1	0	65	41	88	40
Zm00001eb334170	0	1	0	0	63	51	78	40
Zm00001eb248530	0	1	0	0	42	43	104	40
Zm00001eb413450	0	0	0	0	34	74	49	72
Zm00001eb089210	0	0	0	0	43	65	69	51
Zm00001eb058420	0	0	0	0	87	47	64	28
Zm00001eb110210	0	0	0	0	42	44	71	68
Zm00001eb262910	0	0	0	0	76	39	85	25
Zm00001eb223650	0	0	0	2	51	60	63	48
Zm00001eb169270	0	0	0	0	43	21	124	29
Zm00001eb429510	0	1	1	2	38	85	68	22
Zm00001eb331620	0	0	0	0	58	41	92	24
Zm00001eb281040	0	0	0	0	72	47	45	50
Zm00001eb156940	0	0	0	0	67	39	81	26
Zm00001eb109100	0	0	0	1	48	46	65	52
Zm00001eb000560	0	0	0	0	54	45	67	45
Zm00001eb409720	0	0	0	0	59	39	63	44
Zm00001eb394740	0	5	0	0	12	60	56	71
Zm00001eb028620	0	0	0	1	60	40	78	24
Zm00001eb389860	0	6	0	0	32	62	51	51
Zm00001eb326550	0	1	0	0	88	28	58	25
Zm00001eb178760	0	0	0	0	46	51	57	44
Zm00001eb383080	0	1	0	0	48	39	69	41
Zm00001eb199750	0	0	0	0	20	33	101	42
Zm00001eb223660	0	2	0	0	55	35	80	24
Zm00001eb398040	0	0	0	0	55	43	66	32
Zm00001eb022880	0	0	1	4	32	54	48	49
Zm00001eb059760	0	2	0	0	38	38	67	42
Zm00001eb342470	0	0	0	0	45	41	55	46
Zm00001eb139490	0	0	0	0	44	57	62	23
Zm00001eb293910	0	0	0	0	31	51	76	28
Zm00001eb114580	0	0	0	0	56	40	60	29
Zm00001eb308890	0	0	0	0	79	30	51	24
Zm00001eb425900	0	0	0	0	49	55	51	29
Zm00001eb160280	0	0	0	0	28	59	68	28
Zm00001eb413170	0	1	7	0	49	78	40	8
Zm00001eb357810	0	0	0	0	64	40	60	16
Zm00001eb400250	0	0	0	0	48	34	67	30
Zm00001eb344380	0	3	2	0	42	28	84	18
Zm00001eb429640	0	0	0	0	39	34	64	35
Zm00001eb018440	0	0	0	0	31	57	47	36
Zm00001eb151210	0	0	0	0	30	37	84	19
Zm00001eb256630	0	0	0	1	45	30	72	19
Zm00001eb307310	0	1	0	0	53	22	67	24
Zm00001eb131240	0	1	0	0	27	9	106	23
Zm00001eb011870	0	0	0	0	34	27	61	36
Zm00001eb152130	0	0	0	0	17	30	61	50
Zm00001eb400070	0	0	0	0	48	12	60	38
Zm00001eb183020	0	1	0	0	65	28	47	16
Zm00001eb400260	0	0	0	0	50	26	48	31
Zm00001eb426120	0	0	0	0	26	54	30	43
Zm00001eb234950	0	0	0	0	31	30	54	33
Zm00001eb032070	0	0	0	0	28	23	75	21
Zm00001eb283650	0	0	0	0	27	18	82	18
Zm00001eb102630	0	1	0	0	23	47	58	15
Zm00001eb244830	0	1	0	0	8	40	16	75
Zm00001eb345210	0	1	1	4	7	93	18	15
Zm00001eb194660	0	0	0	0	23	27	62	25
Zm00001eb214450	0	2	0	0	47	31	45	10
Zm00001eb090530	0	1	0	0	49	24	39	19
Zm00001eb077600	0	0	0	0	25	34	55	16
Zm00001eb097920	0	1	0	1	28	23	62	12
Zm00001eb397030	0	40	9	14	0	50	6	8
Zm00001eb086190	0	1	0	1	31	21	56	11
Zm00001eb261750	0	0	0	0	53	20	31	13
Zm00001eb064110	0	0	0	0	14	16	56	29
Zm00001eb298120	0	1	0	0	5	26	9	68
Zm00001eb204880	0	0	0	0	18	17	52	21
Zm00001eb140210	0	1	3	0	54	27	12	9
Zm00001eb029000	0	0	2	0	48	8	28	14
Zm00001eb263060	0	3	2	0	59	17	2	16
Zm00001eb318900	0	0	0	0	18	6	53	22
