Gene_ID	C_6_Susc	T_6_Susc	C_24_Susc	T_24_Susc	C_6_Tol	T_6_Tol	C_24_Tol	T_24_Tol
Zm00001eb000380	811.1504099	326.1220054	1499.340533	253.1029103	938.237385	729.2583813	2578.957183	225.4606774
Zm00001eb000660	3041.090657	325.2285204	327.4645235	768.6829128	230.44427	124.8795398	225.2185537	85.51956728
Zm00001eb004670	20.25464757	9.828334409	45.67012642	28.12254559	12.07089033	14.29918395	49.13859352	0
Zm00001eb006310	490.9340769	220.6907817	17.49068671	939.7617318	283.117246	172.5434863	25.38827332	1424.955907
Zm00001eb009940	425.347599	86.66803978	226.4072225	118.349046	43.89414667	32.41148361	137.5880619	2.221287462
Zm00001eb011820	1114.005616	119.7269828	150.6142467	1687.352735	637.5624803	150.6180709	85.99253867	1963.618116
Zm00001eb011990	1541.28223	1070.394966	1818.059713	1246.766188	1.097353667	67.68280401	0	35.54059939
Zm00001eb012570	78.12506921	1.786969892	17.49068671	4.687090932	3.292061	18.11229967	4.913859352	1.110643731
Zm00001eb016800	1024.306463	938.1591935	343.0118006	3229.405652	685.8460416	818.8666007	374.2722873	2051.358971
Zm00001eb018040	339.5064736	46.4612172	471.2768365	64.44750031	102.053891	5.719673579	174.442007	32.2086682
Zm00001eb019880	81.01859029	2.680454839	0.971704817	2.343545466	200.815721	21.92541539	66.33710126	18.88094343
Zm00001eb021500	6.751549191	19.65666882	2.915114452	99.6006823	5.486768333	13.34590502	21.29339053	15.54901223
Zm00001eb022810	78.12506921	3.573939785	12.63216263	0	32.92061	2.859836789	22.11236709	2.221287462
Zm00001eb023420	1316.552092	374.3701925	2609.99914	227.3239102	1905.005965	1162.047015	2064.639905	363.1805
Zm00001eb027780	0	47.35470215	118.5479877	14.0612728	10.97353667	68.63608294	205.5631162	5.553218655
Zm00001eb027960	54.01239353	248.3888151	6.801933722	246.0722739	25.23913433	121.0664241	9.827718705	429.8191239
Zm00001eb031210	579.6687234	190.3122935	23.32091562	1229.189597	1512.153353	539.5558743	84.35458555	2136.878538
Zm00001eb032280	322.1453471	37.52636774	326.4928187	35.15318199	640.8545413	139.1787237	635.5258096	26.65544954
Zm00001eb032560	21.2191546	33.05894301	92.31195766	8.202409131	2.194707333	8.579510368	87.63049179	4.442574924
Zm00001eb032580	305.7487276	112.5791032	383.8234029	36.32495472	32.92061	34.31804147	126.12239	18.88094343
Zm00001eb034050	43.40281623	21.44363871	1333.17901	106.6313187	84.49623233	35.2713204	911.5209099	436.4829862
Zm00001eb035600	2.893521082	0	128.2650359	5.858863665	2.194707333	0	49.13859352	2.221287462
Zm00001eb037600	29.89971785	9.828334409	994.0540282	78.50877311	18.65501233	11.43934716	239.1411552	31.09802447
Zm00001eb040580	69.44450596	47.35470215	6.801933722	208.5755465	15.36295133	31.45820468	8.189765587	47.75768043
Zm00001eb042070	99.34422381	6.254394624	71.90615649	12.88950006	98.76183	18.11229967	136.7690853	14.4383685
Zm00001eb047740	46.29633731	40.20682258	59.27399386	0	961.281812	917.0543305	941.8230426	952.9323211
Zm00001eb048370	49.18985839	627.2264323	497.5128665	358.5624563	27.43384167	489.9853699	264.5294285	163.2646284
Zm00001eb048560	751.3509742	29.48500323	62.18910832	342.157638	170.0898183	25.7385311	46.68166385	74.41312997
Zm00001eb053150	6.751549191	16.97621398	37.89648788	0	14.26559767	86.74838261	45.86268729	21.10223089
Zm00001eb054810	7.716056218	3.573939785	61.2174035	0	8.778829333	7.626231438	49.95757008	7.774506116
Zm00001eb055380	384.8383039	34.8459129	65.10422277	32.80963652	307.2590267	92.46805619	82.71663243	87.74085474
Zm00001eb056010	28.93521082	8.934849462	571.3624327	22.26368193	86.69093966	70.5426408	538.0675991	304.3163823
Zm00001eb056110	37.61577406	39.31333763	47.61353605	0	30.72590267	14.29918395	18.83646085	12.21708104
Zm00001eb056970	1.929014055	0	543.1829929	8.202409131	0	0.95327893	103.1910464	0
Zm00001eb065120	1535.495187	165.2947151	702.542583	358.5624563	1038.096569	156.3377445	717.4234655	380.9507997
Zm00001eb065210	328.8968963	0.893484946	15.54727708	28.12254559	889.9538236	31.45820468	598.6718644	677.4926759
Zm00001eb067380	657.7937926	53.60909677	550.9566315	110.1466369	779.1211033	6.672952508	1848.430093	420.933974
Zm00001eb068470	96.45070273	205.5015376	60.24569868	587.0581392	31.82325633	102.9541244	16.37953117	324.3079694
Zm00001eb068480	8.680563245	15.18924409	0.971704817	29.29431832	5.486768333	52.43034114	6.55181247	138.8304664
Zm00001eb069310	150.4630963	37.52636774	264.3037103	36.32495472	823.01525	75.30903545	1135.920487	49.97896789
Zm00001eb069320	478.3954855	95.60288925	672.4197337	76.16522764	1110.521911	132.5057712	1446.312603	51.08961162
Zm00001eb070270	240.1622498	14.29575914	36.92478306	33.98140926	443.3308813	355.5730408	248.1498973	636.3988578
Zm00001eb072870	34.72225298	922.0764645	256.5300718	557.7638209	26.336488	890.3625204	429.9626933	838.5360168
Zm00001eb084980	58.83492866	89.34849462	29.15114452	400.7462747	127.2930253	150.6180709	96.63923393	116.6175917
Zm00001eb087350	69.44450596	55.39606667	479.050475	44.52736385	0	0	0	0
Zm00001eb087860	2.893521082	1.786969892	0	0	1.097353667	62.91640937	0	0
Zm00001eb087960	8183.842126	402.0682258	13389.12068	8407.469359	16402.14526	1880.819328	18639.0875	17842.49154
Zm00001eb087980	92.59267462	2.680454839	102.0290058	160.5328644	125.098318	10.48606823	100.7341167	123.2814541
Zm00001eb088020	943.2878727	37.52636774	1353.584811	848.3634586	2565.612873	250.7123585	2606.802386	2310.13896
Zm00001eb099460	7.716056218	3.573939785	7.773638539	5.858863665	0	44.8041097	3.275906235	8.885149847
Zm00001eb100220	135.0309838	41.10030753	34.98137343	18.74836373	274.3384167	211.6279224	240.7791083	8.885149847
Zm00001eb101660	171.6822509	21.44363871	594.6833483	71.47813671	248.0019287	16.20574181	434.0575761	58.86411774
Zm00001eb102370	36.65126704	9.828334409	68.01933722	2.343545466	5.486768333	1.90655786	5.732835911	1.110643731
Zm00001eb102510	278.7425309	788.9472075	618.0042639	44.52736385	48.28356133	227.8336642	65.5181247	27.76609327
Zm00001eb106380	234.3752076	37.52636774	62.18910832	39.84027292	114.1247813	33.36476254	90.08742146	5.553218655
Zm00001eb106410	159.1436595	13.40227419	21.37750598	1.171772733	51.57562233	28.59836789	43.40575761	5.553218655
Zm00001eb106430	2476.854046	218.9038118	4794.391569	489.8010024	2545.860507	333.6476254	5147.267672	869.6340413
Zm00001eb109440	583.5267515	180.4839591	48.58524087	1101.466369	637.5624803	330.7877886	117.9326245	1376.087583
Zm00001eb110240	53.0478865	8.934849462	1011.544715	243.7287284	106.4433057	1.90655786	503.6705836	167.7072034
Zm00001eb111710	141.782533	131.3422871	36.92478306	435.8994567	66.93857366	82.93526689	35.21599203	118.8388792
Zm00001eb112260	777.392664	75.05273548	986.2803897	237.8698648	904.2194213	90.56149833	1074.497245	359.8485688
Zm00001eb113780	1331.019698	107.2181935	20.40580117	741.7321399	763.758152	48.61722542	8.189765587	333.1931193
Zm00001eb119760	12.53859135	245.7083602	354.6722584	64.44750031	85.593586	576.7337525	606.86163	218.796815
Zm00001eb121900	115.7408433	25.01757849	536.3810592	26.95077286	443.3308813	70.5426408	221.9426474	112.1750168
Zm00001eb122110	3668.984732	1209.778617	104.9441203	1693.211599	3303.034537	738.7911706	70.43198405	1661.523021
Zm00001eb123400	276.8135168	21.44363871	123.4065118	44.52736385	333.5955147	21.92541539	68.79403093	221.0181025
Zm00001eb126130	23.14816865	256.4301796	123.4065118	57.41686391	128.390379	285.0304	116.2946713	29.98738073
Zm00001eb128310	5.787042164	132.235772	212.803355	53.90154571	10.97353667	121.0664241	145.7778275	28.876737
Zm00001eb128610	8.680563245	8.934849462	4.858524087	4.687090932	4.389414667	82.93526689	5.732835911	22.21287462
Zm00001eb130790	5.787042164	26.80454839	3.88681927	36.32495472	5.486768333	121.0664241	31.12110923	87.74085474
Zm00001eb131090	95.4861957	343.9917043	991.1389138	106.6313187	130.5850863	572.9206368	843.5458555	287.6567263
Zm00001eb135130	594.1363288	86.66803978	44.6984216	308.1762288	391.755259	116.3000294	52.41449976	737.4674373
Zm00001eb135430	96.45070273	3.573939785	3.88681927	18.74836373	20.84971967	2.859836789	2.456929676	3.331931193
Zm00001eb138510	542.0529493	40.20682258	56.35887941	79.68054584	868.0067503	270.7312161	57.32835911	85.51956728
Zm00001eb138650	746.5284391	135.8097118	4862.410906	530.813048	1494.595694	310.7689311	5767.232927	1597.105685
Zm00001eb139500	535.3014001	31.27197312	165.189819	10.5459546	4.389414667	0	8.189765587	2.221287462
Zm00001eb139740	459.105345	150.105471	57.33058423	605.8065029	365.418771	177.3098809	72.88891373	308.7589572
Zm00001eb139830	163.9661946	25.91106344	4.858524087	169.9070463	126.1956717	81.98198796	13.10362494	329.8611881
Zm00001eb141540	18.32563352	10.72181935	112.7177588	4.687090932	5.486768333	41.94427291	388.1948888	11.10643731
Zm00001eb145080	106.095773	2.680454839	15.54727708	3.515318199	0	0	0	0
Zm00001eb147750	70.40901299	23.2306086	434.3520534	18.74836373	301.7722583	98.18772977	918.8916989	186.5881468
Zm00001eb148040	35.68676001	13.40227419	138.9537889	8.202409131	0	3.813115719	17.19850773	0
Zm00001eb148070	116.7053503	1007.851019	1826.805057	602.2911847	27.43384167	802.6608589	860.7443632	238.7884021
Zm00001eb149500	160.1081665	8.934849462	5.830228905	80.85231857	139.3639157	24.78525217	17.19850773	93.2940734
Zm00001eb150500	82.94760434	3.573939785	12.63216263	38.66850019	155.8242207	41.94427291	54.05245288	103.289867
Zm00001eb153570	171.6822509	5.360909677	18.46239153	112.4901824	37.31002467	3.813115719	6.55181247	26.65544954
Zm00001eb155430	32.79323893	347.5656441	546.0981074	209.7473192	502.5879793	1068.62568	569.1887083	1432.730413
Zm00001eb159020	1796.876592	411.0030753	4089.905577	599.9476393	1038.096569	8.579510368	2212.055685	1639.310147
Zm00001eb160010	1.929014055	712.1075022	13.60386744	8.202409131	13912.24979	12768.21799	14703.90514	16160.97693
Zm00001eb161390	95.4861957	26.80454839	179.7653912	23.43545466	13.168244	5.719673579	101.5530933	3.331931193
Zm00001eb161610	112.8473222	6.254394624	3.88681927	139.4409552	175.5765867	6.672952508	8.189765587	186.5881468
Zm00001eb163440	122.4923925	6.254394624	15.54727708	17.57659099	105.345952	27.64508896	24.56929676	41.09381804
Zm00001eb164390	27.00619676	7.14787957	204.0580117	14.0612728	119.6115497	19.0655786	494.6618415	49.97896789
Zm00001eb164960	333.7194314	16.97621398	43.72671678	4.687090932	258.9754653	178.2631599	483.1961697	28.876737
Zm00001eb165030	43.40281623	525.3691484	147.6991322	203.8884555	19.752366	208.7680856	77.80277308	136.6091789
Zm00001eb167700	95.4861957	25.91106344	120.4913974	8.202409131	282.0198923	136.318887	148.2347571	123.2814541
Zm00001eb168100	1031.058012	96.49637419	1089.2811	318.7221834	1742.597623	257.385311	2006.492569	862.9701789
Zm00001eb168900	15.43211244	0	0	41.01204565	618.907468	513.8173432	846.8217617	412.0488242
Zm00001eb168980	206.4045038	14.29575914	111.746054	19.92013646	15.36295133	10.48606823	11.46567182	0
Zm00001eb169870	14.46760541	3.573939785	339.1249813	29.29431832	98.76183	11.43934716	348.884014	102.1792232
Zm00001eb170080	12.53859135	20.55015376	910.4874139	94.91359137	10.97353667	5.719673579	248.9688739	19.99158716
Zm00001eb170770	729.1673126	55.39606667	103.0007106	526.1259571	19.752366	3.813115719	10.64669526	9.995793578
Zm00001eb171840	18.32563352	380.6245871	157.4161804	194.5142737	36.212671	337.4607411	138.4070384	95.51536086
Zm00001eb172450	520.8337947	5177.745263	7000.161505	4237.130202	628.783651	4559.533121	4806.573423	3755.086454
Zm00001eb180830	63.6574638	100.070314	223.492108	8.202409131	73.52269566	124.8795398	242.4170614	19.99158716
Zm00001eb185100	110.9183081	46.4612172	772.5053299	83.19586404	124.0009643	43.85083077	540.5245288	128.8346728
Zm00001eb186620	26.04168974	88.45500968	249.7281381	18.74836373	7.681475666	20.01885753	36.03496858	0
Zm00001eb187130	140.818026	13.40227419	0	108.9748642	128.390379	20.97213646	0	227.6819648
Zm00001eb187450	37.61577406	582.5521849	753.0712335	208.5755465	10.97353667	198.2820174	254.7017098	155.4901223
Zm00001eb188120	9.645070273	0.893484946	61.2174035	5.858863665	10.97353667	0.95327893	91.72537458	4.442574924
Zm00001eb188750	0	0	0	82.02409131	76.81475666	7.626231438	85.99253867	51.08961162
Zm00001eb196990	3.858028109	12.50878925	4.858524087	87.88295497	4.389414667	0	4.913859352	14.4383685
Zm00001eb198620	427.2766131	42.88727742	1233.093413	479.2550478	370.9055393	32.41148361	441.4283652	326.5292569
Zm00001eb200910	2.893521082	2.680454839	17.49068671	1.171772733	2.194707333	12.39262609	59.78528879	1.110643731
Zm00001eb201580	266.2039395	26.80454839	5.830228905	243.7287284	319.329917	62.91640937	7.370789029	327.6399006
Zm00001eb204960	219.9076022	12.50878925	13.60386744	4.687090932	13.168244	0.95327893	3.275906235	4.442574924
Zm00001eb207670	40.50929514	8.041364516	8.745343357	206.232001	38.40737833	11.43934716	9.008742146	55.53218655
Zm00001eb208380	40.50929514	0	2.915114452	7.030636398	21.94707333	44.8041097	14.74157806	1.110643731
Zm00001eb209990	514.0822455	296.6370022	1615.945111	123.036137	7.681475666	11.43934716	15.56055462	18.88094343
Zm00001eb212460	37.61577406	292.1695774	222.5204032	268.3359558	61.45180533	1090.551096	410.3072559	569.760234
Zm00001eb212520	127.3149276	15.18924409	127.2933311	73.82168217	263.36488	20.97213646	463.5407323	89.9621422
Zm00001eb214420	679.9774542	2447.255268	638.4100651	5599.901891	595.863041	2374.617814	434.0575761	2715.523922
Zm00001eb214550	2.893521082	32.16545806	17.49068671	248.4158194	4.389414667	43.85083077	20.47441397	214.3542401
Zm00001eb214780	67.51549191	52.71561183	137.9820841	4.687090932	475.1541377	583.406705	531.5157866	123.2814541
Zm00001eb215270	22.18366163	17.86969892	12.63216263	176.9376827	13.168244	11.43934716	11.46567182	67.74926759
Zm00001eb215860	30.86422487	412.7900452	137.9820841	260.1335467	35.11531733	688.2673873	95.82025737	599.7476147
Zm00001eb217970	2386.190385	218.9038118	742.3824805	274.1948195	1010.662727	159.1975813	557.7230365	234.3458272
Zm00001eb221790	3902.395432	5477.956205	5010.110039	6279.530076	5.486768333	0	1.637953117	235.456471
Zm00001eb223620	74.2670411	298.423972	57.33058423	44.52736385	7.681475666	159.1975813	15.56055462	9.995793578
Zm00001eb225440	353.009572	173.3360796	545.1264026	105.459546	657.3148463	276.4508896	683.02645	57.75347401
Zm00001eb228670	164.9307017	2716.194237	6232.514699	2072.865965	165.7004037	2501.403912	4680.451033	1991.38421
Zm00001eb229190	1018.519421	8.041364516	116.6045781	265.9924104	2195.804687	23.83197324	1617.478704	2163.533988
Zm00001eb231110	36.65126704	357.3939785	166.1615238	461.6784568	120.7089033	672.0616455	239.9601317	456.4745734
Zm00001eb231210	553.6270336	155.4663806	1497.397124	107.8030914	748.3952006	450.9009338	1296.439892	388.7253058
Zm00001eb238270	52.08337947	84.88106989	96.19877693	37.49672745	53.77032967	46.71066756	90.08742146	5.553218655
Zm00001eb238440	14.46760541	0	31.09455416	0	14.26559767	1.90655786	36.03496858	0
Zm00001eb240910	775.4636499	199.247143	332.3230476	378.4825927	556.358309	36.22459933	208.0200459	418.7126866
Zm00001eb242240	14.46760541	36.6328828	102.0290058	4.687090932	24.14178067	21.92541539	60.60426535	9.995793578
Zm00001eb242480	158.1791525	26.80454839	2.915114452	124.2079097	156.9215743	29.55164682	13.10362494	114.3963043
Zm00001eb245430	0	1.786969892	273.0490537	14.0612728	26.336488	41.94427291	55.69040599	65.52798012
Zm00001eb247830	27.97070379	37.52636774	97.17048174	4.687090932	9.876183	56.24345686	9.008742146	4.442574924
Zm00001eb250940	14.46760541	341.3112495	294.4265597	161.7046371	7.681475666	569.1075211	281.7279362	121.0601667
Zm00001eb251130	316.3583049	155.4663806	449.8993305	30.46609106	501.4906257	405.1435452	428.3247402	203.2478028
Zm00001eb251520	101.2732379	18.76318387	391.5970414	33.98140926	131.68244	48.61722542	577.3784739	95.51536086
Zm00001eb253580	271.0264747	232.306086	1784.050045	226.1521375	186.5501233	155.3844656	1417.648423	126.6133853
Zm00001eb255510	93.55718164	70.58531075	830.8076189	59.76040938	62.549159	23.83197324	257.1586394	23.32351835
Zm00001eb256120	244.9847849	406.5356505	755.0146431	60.93218211	470.764723	1048.606823	936.9091832	194.3626529
Zm00001eb256520	272.9554887	61.65046129	22.3492108	234.3545466	127.2930253	71.49591973	21.29339053	226.5713211
Zm00001eb258790	157.2146454	1507.309104	1040.695859	503.8622752	161.310989	2017.138215	1347.216439	758.5696682
Zm00001eb260010	358.7966141	166.1882	395.4838607	31.63786379	71.32798833	248.8058007	142.5019212	49.97896789
Zm00001eb268600	1.929014055	0	0.971704817	0	138.266562	172.5434863	290.7366784	27.76609327
Zm00001eb270580	74.2670411	40.20682258	212.803355	18.74836373	39.504732	65.77624616	18.01748429	49.97896789
Zm00001eb272040	75.23154813	0	12.63216263	1.171772733	15.36295133	3.813115719	10.64669526	0
Zm00001eb272230	114.7763362	56.28955161	0	151.1586825	124.0009643	45.75738863	22.93134364	55.53218655
Zm00001eb274690	17.36112649	542.3453624	194.3409635	91.39827317	21.94707333	410.8632187	97.45821049	55.53218655
Zm00001eb274870	3.858028109	1.786969892	0	42.18381839	6.584122	5.719673579	8.189765587	0
Zm00001eb275400	73.30253407	132.235772	67.0476324	780.4006401	47.18620767	117.2533084	54.87142944	595.3050398
Zm00001eb277660	186.1498563	100.9637989	368.2761258	38.66850019	167.895111	40.03771505	190.8215382	12.21708104
Zm00001eb278150	112.8473222	19.65666882	5.830228905	152.3304553	50.47826867	13.34590502	19.65543741	54.42154281
Zm00001eb280930	2222.224191	483.3753559	2507.970134	240.2134103	313.8431487	86.74838261	480.73924	104.4005107
Zm00001eb283460	291.2811222	8.041364516	167.1332286	14.0612728	91.08035433	6.672952508	4.913859352	3.331931193
Zm00001eb284350	258.4878833	73.26576559	32.06625898	1422.532098	170.0898183	235.4598957	135.9501088	900.7320658
Zm00001eb284770	0	6.254394624	0	10.5459546	3.292061	152.5246288	31.94008579	63.30669266
Zm00001eb287790	243.0557709	31.27197312	2733.405651	86.71118224	142.6559767	20.97213646	742.8117388	43.31510551
Zm00001eb291720	21.2191546	36.6328828	30.12284934	22.26368193	20.84971967	19.0655786	52.41449976	0
Zm00001eb293270	54.01239353	35.73939785	66.07592759	36.32495472	47.18620767	55.29017793	71.25096061	1.110643731
Zm00001eb295010	1611.691243	1430.469399	181.7088009	2361.122057	1580.18928	2700.639208	393.9277248	2881.009838
Zm00001eb299760	384.8383039	16.08272903	1085.394281	85.5394095	1017.246849	102.0008455	1461.054181	330.9718318
Zm00001eb301270	18.32563352	172.4425946	10.68875299	30.46609106	28.53119533	394.6574769	26.20724988	62.19604893
Zm00001eb313920	45.33183028	19.65666882	110.7743492	7.030636398	40.60208567	29.55164682	139.226015	5.553218655
Zm00001eb314330	98.37971678	37.52636774	151.5859515	86.71118224	39.504732	33.36476254	61.42324191	2.221287462
Zm00001eb314610	70.40901299	276.0868484	112.7177588	246.0722739	109.7353667	1419.432326	384.1000061	1539.352211
Zm00001eb316870	931.7137883	134.0227419	2109.571159	188.65541	987.6183	300.2828629	2550.293004	432.0404113
Zm00001eb317110	22.18366163	12.50878925	745.297595	49.21445478	38.40737833	19.0655786	235.8652489	42.20446177
Zm00001eb319590	1631.94589	4362.886992	384.7951077	2609.537876	1491.303633	3661.544369	221.1236709	2247.942911
Zm00001eb320890	5499.619069	548.599757	7433.541853	2055.289374	9190.336958	1143.934716	5559.212881	2943.205887
Zm00001eb320970	12.53859135	11.6153043	4.858524087	50.38622752	54.86768333	35.2713204	16.37953117	328.7505443
Zm00001eb322810	78.12506921	2.680454839	0	14.0612728	25.23913433	0	4.913859352	4.442574924
Zm00001eb323090	145.6405611	50.92864194	124.3782166	112.4901824	37.31002467	784.5485592	226.8565068	78.85570489
Zm00001eb325290	81.98309732	4.467424731	23.32091562	3.515318199	23.044427	1.90655786	5.732835911	3.331931193
Zm00001eb325410	292.2456293	41.99379247	892.0250224	96.0853641	697.916932	57.19673579	1254.672088	157.7114098
Zm00001eb326950	37.61577406	778.2253882	537.352764	94.91359137	41.69943933	833.1657846	812.4247463	212.1329526
Zm00001eb330540	1962.7718	74.15925054	146.7274274	140.612728	1365.107961	377.4984562	194.0974444	127.7240291
Zm00001eb332100	152.3921103	26.80454839	167.1332286	14.0612728	190.939538	89.6082194	217.8477646	11.10643731
Zm00001eb332560	30.86422487	850.5976688	191.425849	345.6729562	60.35445166	1426.105279	124.4844369	529.7770596
Zm00001eb334540	178.4338	13.40227419	38.8681927	2.343545466	36.212671	20.01885753	15.56055462	1.110643731
Zm00001eb336580	599.923371	56.28955161	2102.769225	153.502228	1198.310204	157.2910234	2764.864862	600.8582584
Zm00001eb339420	20.25464757	11.6153043	122.434807	2.343545466	16.460305	2.859836789	11.46567182	0
Zm00001eb340550	214.1205601	12.50878925	303.171903	2.343545466	251.2939897	38.13115719	470.0925447	22.21287462
Zm00001eb342740	39.54478812	235.8800258	48.58524087	449.9607294	70.23063466	340.3205779	74.52686685	561.9857278
Zm00001eb344730	6.751549191	233.199571	461.5597883	239.0416375	16.460305	385.1246876	370.1774046	149.9369037
Zm00001eb346800	115.7408433	25.91106344	344.9552102	25.77900012	210.691904	36.22459933	393.9277248	74.41312997
Zm00001eb350770	31.8287319	374.3701925	48.58524087	79.68054584	5.486768333	9.532789298	4.094882794	7.774506116
Zm00001eb351790	795.7182975	1065.927541	8397.473032	595.2605483	448.8176497	545.2755478	1412.734564	581.977315
Zm00001eb356600	118.6343644	5.360909677	137.0103793	64.44750031	407.1182103	183.0295545	499.5757008	395.3891682
Zm00001eb356910	5673.230334	553.0671817	113.6894636	4265.252748	6404.155998	1024.77485	176.0799601	11660.64853
Zm00001eb357740	482.2535136	5.360909677	1705.341955	133.5820916	861.4226283	7.626231438	1266.13776	389.8359495
Zm00001eb362750	728.2028056	62.54394624	190.4541442	154.6740007	1.097353667	0	0.818976559	5.553218655
Zm00001eb365220	92.59267462	4.467424731	88.42513839	10.5459546	84.49623233	22.87869431	118.751601	6.663862385
Zm00001eb367770	55.94140758	811.2843312	191.425849	317.5504106	145.9480377	1265.00114	239.1411552	390.9465933
Zm00001eb367810	21.2191546	432.446714	876.4777453	295.2867287	48.28356133	321.2549993	466.8166385	315.4228196
Zm00001eb369550	12.53859135	58.07652151	6.801933722	22.26368193	2.194707333	61.96313044	17.19850773	8.885149847
Zm00001eb370870	217.9785882	311.8262462	91.34025284	936.2464136	208.4971967	1132.495369	32.75906235	407.6062492
Zm00001eb371530	30.86422487	4.467424731	373.1346499	5.858863665	68.03592733	40.03771505	677.2936141	113.2856606
Zm00001eb374190	107.06028	176.9100194	89.3968432	926.8722317	41.69943933	66.72952508	61.42324191	322.086682
Zm00001eb375120	86.80563245	77.73319032	57.33058423	224.9803647	75.717403	792.1747907	439.790412	2280.15158
Zm00001eb378280	7907.028609	1397.410456	6697.961307	522.6106389	5420.927113	1624.387296	4754.9779	908.5065719
Zm00001eb381280	903.7430845	33.95242796	116.6045781	4.687090932	244.7098677	64.82296723	231.7703661	7.774506116
Zm00001eb381920	149.4985892	11.6153043	311.9172464	116.0055006	6.584122	1.90655786	0	0
Zm00001eb382310	13.50309838	0.893484946	37.89648788	0	145.9480377	57.19673579	125.3034135	1.110643731
Zm00001eb383440	37.61577406	0	5.830228905	0	17.55765867	1.90655786	9.827718705	0
Zm00001eb384740	2012.926166	318.0806409	2054.183984	59.76040938	1417.780937	440.4148656	2375.850997	144.383685
Zm00001eb386040	10.6095773	3.573939785	197.2560779	8.202409131	10.97353667	0	49.13859352	3.331931193
Zm00001eb388510	1293.403924	125.0878925	2139.694008	711.2660489	1877.572124	278.3574475	3208.750157	1307.227671
Zm00001eb389190	54.01239353	2406.15496	690.8821252	829.6150949	251.2939897	3359.354949	793.5882854	1422.734619
Zm00001eb394330	23.14816865	9.828334409	171.0200479	2.343545466	2.194707333	0	0.818976559	0
Zm00001eb396520	1976.274899	92.92243441	176.8502768	882.3448679	1828.191209	135.365608	141.6829447	1178.392998
Zm00001eb397030	0	35.73939785	8.745343357	16.40481826	0	47.66394649	4.913859352	8.885149847
Zm00001eb397940	9.645070273	6.254394624	156.4444756	10.5459546	14.26559767	3.813115719	13.10362494	18.88094343
Zm00001eb399150	59.79943569	12.50878925	119.5196925	8.202409131	4.389414667	0	6.55181247	0
Zm00001eb400190	72.33802704	47.35470215	407.1443185	26.95077286	17.55765867	2.859836789	4.094882794	6.663862385
Zm00001eb401100	99.34422381	5.360909677	22.3492108	11.71772733	28.53119533	20.01885753	25.38827332	29.98738073
Zm00001eb401330	140.818026	30.37848817	44.6984216	65.61927304	160.2136353	4.766394649	26.20724988	25.54480581
Zm00001eb402150	138.8890119	47.35470215	203.0863068	21.09190919	183.2580623	70.5426408	302.2023502	24.43416208
Zm00001eb404170	359.7611212	20.55015376	235.1525658	110.1466369	10.97353667	3.813115719	9.008742146	0
Zm00001eb406490	24.11267568	11.6153043	978.5067512	78.50877311	29.628549	18.11229967	154.7865696	147.7156162
Zm00001eb409030	117.6698573	33.95242796	24.29262044	19.92013646	115.222135	1.90655786	58.14733567	8.885149847
Zm00001eb409750	54.97690055	39.31333763	0	249.5875921	25.23913433	15.25246288	13.10362494	69.97055505
Zm00001eb410710	200.6174617	79.52016022	205.0297165	50.38622752	200.815721	87.70166154	375.0912639	35.54059939
Zm00001eb412390	21.2191546	21.44363871	16.5189819	31.63786379	5.486768333	1.90655786	3.275906235	89.9621422
Zm00001eb413120	748.4574532	70.58531075	359.5307825	121.8643642	82.301525	5.719673579	108.9238823	51.08961162
Zm00001eb414390	8323.695645	3778.547838	5842.861067	3436.809426	666.0936756	238.3197324	863.2012929	36.65124312
Zm00001eb414810	41.47380217	184.0578989	157.4161804	261.3053194	16.460305	205.9082488	131.0362494	346.520844
Zm00001eb415520	95.4861957	176.9100194	76.76468058	35.15318199	58.15974433	724.4919866	85.99253867	12.21708104
Zm00001eb415720	9.645070273	128.6618323	31.09455416	70.30636398	34.01796367	163.9639759	78.62174964	144.383685
Zm00001eb418230	140.818026	78.62667527	175.878572	12.88950006	17.55765867	11.43934716	12.28464838	2.221287462
Zm00001eb418340	497.6856261	260.8976043	131.1801504	1168.257415	3341.441915	1664.425011	1325.104072	1725.940358
Zm00001eb418610	116.7053503	23.2306086	1234.065118	58.58863665	93.27506166	20.01885753	280.9089597	49.97896789
Zm00001eb425130	862.2692824	423.5118645	98.14218656	751.1063218	471.8620767	528.1165271	69.61300749	842.9785918
Zm00001eb428800	11.57408433	3.573939785	1293.339112	91.39827317	24.14178067	0.95327893	352.1599203	48.86832416
Zm00001eb433640	186.1498563	42.88727742	8.745343357	219.1215011	264.4622337	133.4590502	41.7678045	847.4211667
